Experiment	bias spectroscopy	
Date	04.08.2020 21:28:24	
User		
X (m)	5.54261E-9	
Y (m)	-5.07575E-9	
Z (m)	-10.6271E-9	
Z offset (m)	0E+0	
Settling time (s)	200E-6	
Integration time (s)	5E-3	
Z-Ctrl hold	TRUE	
Final Z (m)	-10.6268E-9	
Filter type	None	
Order		
Cutoff frq		
Comment01	dz=0pm	
Comment02	setpoint: 750pA, 5mV gain9	
Comment03	3avg  1/10 divider	
Comment04	LockIn: 15uVrms, 10mV, 5ms	
Comment05	B=0, T=1.1K,  f=911.031Hz, phase=48.84degree	
Comment06		
Comment07	length 6925nm, p.d. 80.52pm	
Bias>Bias (V)	5E-3	
Bias>Calibration (V/V)	81.475E-3	
Bias>Offset (V)	1.158E-3	
Bias Spectroscopy>Sweep Start (V)	5E-3	
Bias Spectroscopy>Sweep End (V)	-5E-3	
Bias Spectroscopy>Num Pixel	1201	
Bias Spectroscopy>Z Avg time (s)	500E-3	
Bias Spectroscopy>Z offset (m)	0E+0	
Bias Spectroscopy>1st Settling time (s)	20E-3	
Bias Spectroscopy>Settling time (s)	200E-6	
Bias Spectroscopy>Integration time (s)	5E-3	
Bias Spectroscopy>End Settling time (s)	5E-3	
Bias Spectroscopy>Z control time (s)	200E-3	
Bias Spectroscopy>Max Slew rate (V/s)	5E+0	
Bias Spectroscopy>backward sweep	FALSE	
Bias Spectroscopy>Z-controller hold	TRUE	
Bias Spectroscopy>Number of sweeps	3	
Bias Spectroscopy>Channels	Current (A);X% LockIn (V);Y% LockIn (V);Microscope Temp (K);Z (m)	
Bias Spectroscopy>Reset Bias	TRUE	
Bias Spectroscopy>Record final Z	TRUE	
Bias Spectroscopy>Lock-In run	FALSE	
Bias Spectroscopy>Sweep mode	Linear	
Bias Spectroscopy>MultiLine Settings : Segment Start (V), Segment End (V), Settling (s), Integration (s), Steps (xn)	500E-3,50E-3,100E-6,10E-3,340;50E-3,-50E-3,100E-6,100E-3,1650;-50E-3,500E-3,100E-6,10E-3,340	
Current>Current (A)	750.216E-12	
Current>Calibration (A/V)	999.99900E-12	
Current>Offset (A)	-520.884E-15	
Current>Gain	LN 10^9	
Lock-in>Lock-in status	OFF	
Lock-in>Modulated signal	Bias (V)	
Lock-in>Frequency (Hz)	712E+0	
Lock-in>Amplitude	20E-3	
Lock-in>Demodulated signal	Current (A)	
Lock-in>Harmonic	2	
Lock-in>Reference phase (deg)	-61.5494E+0	
NanonisMain>Session Path	E:\DATA\2H-NbSe2\200522_Fe_on_NbSe2_Nb_tip\200714_NbSe2_crystalF_Evap_Fe_flux1nA_3s_NbTi-tip+Nb_covered	
NanonisMain>SW Version	Generic 4	
NanonisMain>UI Release	8987	
NanonisMain>RT Release	8987	
NanonisMain>RT Frequency (Hz)	10E+3	
NanonisMain>Signals Oversampling	10	
NanonisMain>Animations Period (s)	20E-3	
NanonisMain>Indicators Period (s)	300E-3	
NanonisMain>Measurements Period (s)	500E-3	
Piezo Calibration>Active Calib.	1.1K_JT_160301_preliminary	
Piezo Calibration>Calib. X (m/V)	12.1192E-9	
Piezo Calibration>Calib. Y (m/V)	12.119E-9	
Piezo Calibration>Calib. Z (m/V)	1.922E-9	
Piezo Calibration>HV Gain X	4	
Piezo Calibration>HV Gain Y	4	
Piezo Calibration>HV Gain Z	4	
Piezo Calibration>Tilt X (deg)	-1.62682	
Piezo Calibration>Tilt Y (deg)	3.75078	
Piezo Calibration>Curvature radius X (m)	Inf	
Piezo Calibration>Curvature radius Y (m)	Inf	
Piezo Calibration>2nd order corr X (V/m^2)	0E+0	
Piezo Calibration>2nd order corr Y (V/m^2)	0E+0	
Piezo Calibration>Drift X (m/s)	0E+0	
Piezo Calibration>Drift Y (m/s)	0E+0	
Piezo Calibration>Drift Z (m/s)	0E+0	
Piezo Calibration>Drift correction status (on/off)	FALSE	
Scan>Scanfield	5.25135E-9;-5.43033E-9;7E-9;7E-9;0E+0	
Scan>series name	image_	
Scan>channels	Current (A);X% LockIn (V);Y% LockIn (V);Z (m)	
Scan>pixels/line	176	
Scan>lines	176	
Scan>speed forw. (m/s)	44.1919E-9	
Scan>speed backw. (m/s)	44.1919E-9	
Z-Controller>Z (m)	-10.6273E-9	
Z-Controller>Controller name	log Current	
Z-Controller>Controller status	ON	
Z-Controller>Setpoint	750E-12	
Z-Controller>Setpoint unit	A	
Z-Controller>P gain	1.3E-12	
Z-Controller>I gain	21.6667E-9	
Z-Controller>Time const (s)	60E-6	
Z-Controller>TipLift (m)	1E-9	
Z-Controller>Switch off delay (s)	50E-3	
Current (A)	750.362E-12	
X% LockIn (V)	427.783E-3	
Y% LockIn (V)	30.4961E-3	
Z (m)	-10.6273E-9	

[DATA]
Bias calc (V)	Current (A)	X% LockIn (V)	Y% LockIn (V)	Microscope Temp (K)	Z (m)
5.00000E-3	756.649E-12	391.450E-3	-7.38546E-3	1.09059E+0	-10.6281E-9
4.99167E-3	758.117E-12	376.370E-3	-1.82088E-3	1.09058E+0	-10.6281E-9
4.98333E-3	757.731E-12	341.815E-3	25.8668E-3	1.09058E+0	-10.6281E-9
4.97500E-3	754.972E-12	322.844E-3	58.7126E-3	1.09059E+0	-10.6281E-9
4.96667E-3	755.908E-12	333.169E-3	37.8854E-3	1.09059E+0	-10.6281E-9
4.95833E-3	756.327E-12	335.380E-3	-13.2213E-3	1.09059E+0	-10.6281E-9
4.95000E-3	753.848E-12	367.567E-3	-5.58624E-3	1.09059E+0	-10.6281E-9
4.94167E-3	753.802E-12	370.567E-3	-19.0413E-3	1.09059E+0	-10.6281E-9
4.93333E-3	749.823E-12	348.349E-3	-11.5245E-3	1.09059E+0	-10.6281E-9
4.92500E-3	744.766E-12	361.285E-3	49.0308E-3	1.09058E+0	-10.6281E-9
4.91667E-3	739.905E-12	420.096E-3	47.1422E-3	1.09058E+0	-10.6281E-9
4.90833E-3	739.457E-12	436.089E-3	-73.2698E-3	1.09059E+0	-10.6281E-9
4.90000E-3	737.535E-12	363.968E-3	-88.6330E-3	1.09058E+0	-10.6281E-9
4.89167E-3	734.459E-12	335.666E-3	-5.77098E-3	1.09059E+0	-10.6281E-9
4.88333E-3	729.177E-12	361.308E-3	18.9718E-3	1.09057E+0	-10.6281E-9
4.87500E-3	728.165E-12	399.553E-3	-16.9921E-3	1.09059E+0	-10.6281E-9
4.86667E-3	729.356E-12	374.692E-3	-22.5823E-3	1.09058E+0	-10.6281E-9
4.85833E-3	731.998E-12	306.780E-3	-35.2405E-3	1.09059E+0	-10.6281E-9
4.85000E-3	733.098E-12	253.236E-3	-72.7295E-3	1.09059E+0	-10.6281E-9
4.84167E-3	734.712E-12	250.421E-3	-65.4087E-3	1.09058E+0	-10.6281E-9
4.83333E-3	734.774E-12	246.288E-3	-68.9485E-3	1.09058E+0	-10.6281E-9
4.82500E-3	733.943E-12	271.354E-3	-44.4436E-3	1.09058E+0	-10.6281E-9
4.81667E-3	733.409E-12	335.798E-3	2.13684E-3	1.09058E+0	-10.6281E-9
4.80833E-3	734.887E-12	363.769E-3	-5.77698E-3	1.09059E+0	-10.6281E-9
4.80000E-3	733.222E-12	338.359E-3	-24.4719E-3	1.09057E+0	-10.6281E-9
4.79167E-3	729.980E-12	308.138E-3	-1.81885E-3	1.09058E+0	-10.6281E-9
4.78333E-3	729.432E-12	323.435E-3	-14.4678E-3	1.09058E+0	-10.6281E-9
4.77500E-3	725.117E-12	322.709E-3	-29.6116E-3	1.09058E+0	-10.6281E-9
4.76667E-3	721.664E-12	343.415E-3	-6.57217E-3	1.09058E+0	-10.6281E-9
4.75833E-3	718.754E-12	359.539E-3	14.8865E-3	1.09059E+0	-10.6281E-9
4.75000E-3	717.918E-12	327.237E-3	-45.2117E-3	1.09059E+0	-10.6281E-9
4.74167E-3	713.747E-12	293.888E-3	-129.934E-3	1.09058E+0	-10.6281E-9
4.73333E-3	710.168E-12	311.175E-3	-107.418E-3	1.09060E+0	-10.6281E-9
4.72500E-3	710.609E-12	359.897E-3	-47.4417E-3	1.09059E+0	-10.6281E-9
4.71667E-3	706.358E-12	390.428E-3	-18.9115E-3	1.09059E+0	-10.6281E-9
4.70833E-3	706.290E-12	398.597E-3	5.79905E-3	1.09059E+0	-10.6281E-9
4.70000E-3	705.622E-12	410.110E-3	14.7374E-3	1.09058E+0	-10.6281E-9
4.69167E-3	702.582E-12	379.732E-3	-24.6164E-3	1.09058E+0	-10.6281E-9
4.68333E-3	702.198E-12	319.894E-3	-29.2507E-3	1.09059E+0	-10.6281E-9
4.67500E-3	701.524E-12	337.133E-3	-9.26809E-3	1.09058E+0	-10.6281E-9
4.66667E-3	700.397E-12	361.003E-3	-27.1494E-3	1.09057E+0	-10.6281E-9
4.65833E-3	701.207E-12	313.463E-3	-58.8918E-3	1.09057E+0	-10.6281E-9
4.65000E-3	703.481E-12	265.053E-3	-52.7379E-3	1.09058E+0	-10.6281E-9
4.64167E-3	702.466E-12	289.507E-3	-45.6984E-3	1.09058E+0	-10.6281E-9
4.63333E-3	701.355E-12	283.042E-3	-96.4441E-3	1.09058E+0	-10.6281E-9
4.62500E-3	699.184E-12	221.968E-3	-122.270E-3	1.09059E+0	-10.6281E-9
4.61667E-3	697.391E-12	257.942E-3	-85.7681E-3	1.09059E+0	-10.6281E-9
4.60833E-3	697.883E-12	366.612E-3	-84.8915E-3	1.09059E+0	-10.6281E-9
4.60000E-3	698.594E-12	372.561E-3	-72.3958E-3	1.09057E+0	-10.6281E-9
4.59167E-3	696.803E-12	304.516E-3	27.7997E-3	1.09058E+0	-10.6281E-9
4.58333E-3	693.518E-12	296.038E-3	87.5288E-3	1.09058E+0	-10.6281E-9
4.57500E-3	694.656E-12	315.575E-3	54.4409E-3	1.09058E+0	-10.6281E-9
4.56667E-3	693.488E-12	308.516E-3	21.5368E-3	1.09058E+0	-10.6281E-9
4.55833E-3	692.516E-12	295.628E-3	1.20382E-3	1.09058E+0	-10.6281E-9
4.55000E-3	690.309E-12	346.293E-3	-12.5828E-3	1.09058E+0	-10.6281E-9
4.54167E-3	690.741E-12	370.613E-3	-1.57074E-3	1.09059E+0	-10.6281E-9
4.53333E-3	688.539E-12	309.868E-3	23.6794E-3	1.09059E+0	-10.6281E-9
4.52500E-3	687.240E-12	301.727E-3	37.1036E-3	1.09058E+0	-10.6281E-9
4.51667E-3	684.057E-12	341.099E-3	12.5735E-3	1.09058E+0	-10.6281E-9
4.50833E-3	681.238E-12	343.184E-3	-37.2735E-3	1.09058E+0	-10.6281E-9
4.50000E-3	678.552E-12	345.239E-3	-52.1172E-3	1.09058E+0	-10.6281E-9
4.49167E-3	676.391E-12	334.679E-3	-37.5906E-3	1.09058E+0	-10.6281E-9
4.48333E-3	676.895E-12	275.106E-3	-16.0965E-3	1.09059E+0	-10.6281E-9
4.47500E-3	674.722E-12	261.087E-3	750.529E-6	1.09057E+0	-10.6281E-9
4.46667E-3	671.331E-12	319.685E-3	7.06604E-3	1.09057E+0	-10.6281E-9
4.45833E-3	672.218E-12	361.728E-3	8.93921E-3	1.09058E+0	-10.6281E-9
4.45000E-3	674.997E-12	309.465E-3	-41.7238E-3	1.09059E+0	-10.6281E-9
4.44167E-3	673.938E-12	264.707E-3	-75.2104E-3	1.09058E+0	-10.6281E-9
4.43333E-3	674.823E-12	297.216E-3	-44.1419E-3	1.09059E+0	-10.6281E-9
4.42500E-3	672.944E-12	310.372E-3	-24.2972E-3	1.09058E+0	-10.6281E-9
4.41667E-3	671.622E-12	278.500E-3	-37.5497E-3	1.09058E+0	-10.6281E-9
4.40833E-3	668.992E-12	249.032E-3	-57.6272E-3	1.09058E+0	-10.6281E-9
4.40000E-3	670.881E-12	260.542E-3	-67.3688E-3	1.09058E+0	-10.6281E-9
4.39167E-3	670.797E-12	278.835E-3	-49.5514E-3	1.09058E+0	-10.6281E-9
4.38333E-3	668.431E-12	303.470E-3	-8.70056E-3	1.09057E+0	-10.6281E-9
4.37500E-3	662.977E-12	345.112E-3	14.0112E-3	1.09057E+0	-10.6281E-9
4.36667E-3	662.081E-12	380.488E-3	-2.92806E-3	1.09057E+0	-10.6281E-9
4.35833E-3	661.004E-12	362.499E-3	14.7052E-3	1.09058E+0	-10.6281E-9
4.35000E-3	657.780E-12	311.617E-3	73.0613E-3	1.09058E+0	-10.6281E-9
4.34167E-3	654.477E-12	309.013E-3	44.0444E-3	1.09058E+0	-10.6281E-9
4.33333E-3	655.813E-12	318.518E-3	-36.3660E-3	1.09058E+0	-10.6281E-9
4.32500E-3	655.171E-12	245.685E-3	-56.9592E-3	1.09057E+0	-10.6281E-9
4.31667E-3	652.225E-12	217.387E-3	-11.6471E-3	1.09058E+0	-10.6281E-9
4.30833E-3	649.795E-12	270.126E-3	-27.8879E-3	1.09058E+0	-10.6281E-9
4.30000E-3	648.132E-12	268.085E-3	-87.8635E-3	1.09058E+0	-10.6281E-9
4.29167E-3	651.055E-12	271.532E-3	-55.3384E-3	1.09058E+0	-10.6281E-9
4.28333E-3	650.859E-12	328.826E-3	6.72282E-3	1.09058E+0	-10.6281E-9
4.27500E-3	648.721E-12	353.997E-3	-37.0926E-3	1.09058E+0	-10.6281E-9
4.26667E-3	650.172E-12	302.785E-3	-51.6521E-3	1.09058E+0	-10.6281E-9
4.25833E-3	648.091E-12	321.817E-3	15.8676E-3	1.09058E+0	-10.6281E-9
4.25000E-3	648.230E-12	381.927E-3	10.7007E-3	1.09058E+0	-10.6281E-9
4.24167E-3	648.254E-12	383.306E-3	-21.5393E-3	1.09058E+0	-10.6281E-9
4.23333E-3	646.162E-12	330.348E-3	-26.2146E-3	1.09058E+0	-10.6281E-9
4.22500E-3	640.636E-12	301.252E-3	-15.9693E-3	1.09059E+0	-10.6281E-9
4.21667E-3	638.976E-12	332.813E-3	-416.971E-6	1.09058E+0	-10.6281E-9
4.20833E-3	636.640E-12	338.805E-3	40.7491E-3	1.09058E+0	-10.6281E-9
4.20000E-3	635.661E-12	277.685E-3	52.3823E-3	1.09059E+0	-10.6281E-9
4.19167E-3	631.489E-12	235.148E-3	34.2610E-3	1.09059E+0	-10.6281E-9
4.18333E-3	626.988E-12	273.229E-3	11.8513E-3	1.09059E+0	-10.6281E-9
4.17500E-3	619.716E-12	299.449E-3	6.18439E-3	1.09058E+0	-10.6281E-9
4.16667E-3	618.688E-12	311.389E-3	16.3810E-3	1.09058E+0	-10.6281E-9
4.15833E-3	619.018E-12	298.652E-3	6.16679E-3	1.09058E+0	-10.6281E-9
4.15000E-3	622.919E-12	294.257E-3	-9.97365E-3	1.09059E+0	-10.6281E-9
4.14167E-3	623.010E-12	282.643E-3	-36.9286E-3	1.09059E+0	-10.6281E-9
4.13333E-3	623.986E-12	276.837E-3	-14.1129E-3	1.09057E+0	-10.6281E-9
4.12500E-3	623.300E-12	306.935E-3	25.5862E-3	1.09056E+0	-10.6281E-9
4.11667E-3	626.414E-12	338.780E-3	-2.31893E-3	1.09057E+0	-10.6281E-9
4.10833E-3	628.556E-12	312.566E-3	-37.9074E-3	1.09057E+0	-10.6281E-9
4.10000E-3	629.112E-12	270.998E-3	13.6034E-3	1.09058E+0	-10.6281E-9
4.09167E-3	630.227E-12	295.559E-3	9.93134E-3	1.09057E+0	-10.6281E-9
4.08333E-3	630.295E-12	288.235E-3	-50.4566E-3	1.09058E+0	-10.6281E-9
4.07500E-3	629.329E-12	287.950E-3	-24.7035E-3	1.09058E+0	-10.6281E-9
4.06667E-3	627.545E-12	342.057E-3	44.9959E-3	1.09057E+0	-10.6281E-9
4.05833E-3	625.842E-12	380.667E-3	24.1409E-3	1.09057E+0	-10.6281E-9
4.05000E-3	622.213E-12	326.964E-3	-59.6298E-3	1.09057E+0	-10.6281E-9
4.04167E-3	621.442E-12	278.818E-3	-64.7172E-3	1.09057E+0	-10.6281E-9
4.03333E-3	620.041E-12	304.570E-3	21.4326E-3	1.09058E+0	-10.6281E-9
4.02500E-3	616.001E-12	385.645E-3	64.6181E-3	1.09058E+0	-10.6281E-9
4.01667E-3	611.526E-12	402.352E-3	7.05515E-3	1.09058E+0	-10.6281E-9
4.00833E-3	607.740E-12	337.584E-3	-7.59379E-3	1.09057E+0	-10.6281E-9
4.00000E-3	606.221E-12	300.446E-3	19.8739E-3	1.09058E+0	-10.6281E-9
3.99167E-3	605.026E-12	281.570E-3	39.9766E-3	1.09058E+0	-10.6281E-9
3.98333E-3	601.327E-12	279.563E-3	44.7840E-3	1.09058E+0	-10.6281E-9
3.97500E-3	597.894E-12	297.075E-3	82.6894E-3	1.09058E+0	-10.6281E-9
3.96667E-3	596.804E-12	302.044E-3	109.218E-3	1.09058E+0	-10.6281E-9
3.95833E-3	598.124E-12	290.665E-3	97.9449E-3	1.09058E+0	-10.6281E-9
3.95000E-3	596.915E-12	324.605E-3	39.6117E-3	1.09057E+0	-10.6281E-9
3.94167E-3	596.060E-12	316.565E-3	-11.1109E-3	1.09058E+0	-10.6281E-9
3.93333E-3	597.811E-12	285.542E-3	23.3721E-3	1.09058E+0	-10.6281E-9
3.92500E-3	596.493E-12	279.796E-3	40.7765E-3	1.09058E+0	-10.6281E-9
3.91667E-3	598.422E-12	293.086E-3	7.77944E-3	1.09058E+0	-10.6281E-9
3.90833E-3	601.497E-12	278.112E-3	-22.2853E-3	1.09058E+0	-10.6281E-9
3.90000E-3	601.061E-12	268.332E-3	13.6397E-3	1.09057E+0	-10.6281E-9
3.89167E-3	600.844E-12	316.397E-3	10.6631E-3	1.09057E+0	-10.6281E-9
3.88333E-3	601.252E-12	343.399E-3	-30.2363E-3	1.09057E+0	-10.6281E-9
3.87500E-3	597.042E-12	345.768E-3	-43.4644E-3	1.09057E+0	-10.6281E-9
3.86667E-3	589.837E-12	347.145E-3	-16.5174E-3	1.09057E+0	-10.6281E-9
3.85833E-3	588.158E-12	330.855E-3	-14.3747E-3	1.09059E+0	-10.6281E-9
3.85000E-3	588.736E-12	296.107E-3	-24.1495E-3	1.09058E+0	-10.6281E-9
3.84167E-3	590.110E-12	299.098E-3	-6.20738E-3	1.09059E+0	-10.6281E-9
3.83333E-3	588.371E-12	298.213E-3	12.2385E-3	1.09058E+0	-10.6281E-9
3.82500E-3	582.707E-12	310.278E-3	28.2050E-3	1.09059E+0	-10.6281E-9
3.81667E-3	582.986E-12	339.928E-3	2.78554E-3	1.09059E+0	-10.6281E-9
3.80833E-3	584.740E-12	333.477E-3	-36.1575E-3	1.09058E+0	-10.6281E-9
3.80000E-3	584.606E-12	267.725E-3	14.4969E-3	1.09058E+0	-10.6281E-9
3.79167E-3	581.858E-12	302.383E-3	102.720E-3	1.09057E+0	-10.6281E-9
3.78333E-3	580.225E-12	385.267E-3	61.5879E-3	1.09058E+0	-10.6281E-9
3.77500E-3	576.732E-12	367.540E-3	30.2966E-3	1.09059E+0	-10.6281E-9
3.76667E-3	577.006E-12	329.243E-3	31.3008E-3	1.09058E+0	-10.6281E-9
3.75833E-3	579.305E-12	297.118E-3	22.9413E-3	1.09058E+0	-10.6281E-9
3.75000E-3	577.358E-12	278.414E-3	14.0525E-3	1.09058E+0	-10.6281E-9
3.74167E-3	574.775E-12	296.744E-3	21.2982E-3	1.09058E+0	-10.6281E-9
3.73333E-3	572.351E-12	384.505E-3	-19.1106E-3	1.09059E+0	-10.6281E-9
3.72500E-3	570.614E-12	389.737E-3	-124.890E-3	1.09058E+0	-10.6281E-9
3.71667E-3	569.871E-12	294.983E-3	-136.469E-3	1.09057E+0	-10.6281E-9
3.70833E-3	571.108E-12	253.096E-3	-54.0253E-3	1.09058E+0	-10.6281E-9
3.70000E-3	569.632E-12	311.729E-3	-14.6269E-3	1.09058E+0	-10.6281E-9
3.69167E-3	568.316E-12	318.704E-3	-38.3249E-3	1.09058E+0	-10.6281E-9
3.68333E-3	567.073E-12	293.456E-3	-31.8967E-3	1.09056E+0	-10.6281E-9
3.67500E-3	564.508E-12	314.133E-3	-52.6871E-3	1.09056E+0	-10.6281E-9
3.66667E-3	565.073E-12	331.787E-3	-50.2345E-3	1.09057E+0	-10.6281E-9
3.65833E-3	565.919E-12	299.149E-3	-45.0856E-3	1.09058E+0	-10.6281E-9
3.65000E-3	565.378E-12	275.506E-3	-19.0712E-3	1.09057E+0	-10.6281E-9
3.64167E-3	562.432E-12	327.315E-3	8.95060E-3	1.09058E+0	-10.6281E-9
3.63333E-3	560.627E-12	339.528E-3	4.10573E-3	1.09058E+0	-10.6281E-9
3.62500E-3	559.175E-12	305.727E-3	-17.3816E-3	1.09057E+0	-10.6281E-9
3.61667E-3	560.531E-12	270.556E-3	-24.5898E-3	1.09060E+0	-10.6281E-9
3.60833E-3	560.528E-12	303.049E-3	-22.8793E-3	1.09057E+0	-10.6281E-9
3.60000E-3	560.312E-12	305.849E-3	-28.5308E-3	1.09058E+0	-10.6281E-9
3.59167E-3	559.999E-12	300.511E-3	-7.43988E-3	1.09058E+0	-10.6281E-9
3.58333E-3	557.759E-12	337.229E-3	-25.8339E-3	1.09059E+0	-10.6281E-9
3.57500E-3	556.229E-12	370.651E-3	-41.7948E-3	1.09058E+0	-10.6281E-9
3.56667E-3	555.755E-12	331.854E-3	-51.7711E-3	1.09058E+0	-10.6281E-9
3.55833E-3	555.140E-12	252.386E-3	-24.9876E-3	1.09059E+0	-10.6281E-9
3.55000E-3	552.628E-12	239.327E-3	15.1481E-3	1.09058E+0	-10.6281E-9
3.54167E-3	551.040E-12	262.337E-3	41.9241E-3	1.09058E+0	-10.6281E-9
3.53333E-3	550.335E-12	283.393E-3	-825.093E-6	1.09058E+0	-10.6281E-9
3.52500E-3	548.934E-12	265.945E-3	-53.2378E-3	1.09058E+0	-10.6281E-9
3.51667E-3	545.760E-12	268.359E-3	-42.4271E-3	1.09058E+0	-10.6281E-9
3.50833E-3	541.405E-12	295.270E-3	-9.24500E-3	1.09058E+0	-10.6281E-9
3.50000E-3	540.726E-12	349.163E-3	-34.6051E-3	1.09058E+0	-10.6281E-9
3.49167E-3	539.691E-12	359.777E-3	-77.7067E-3	1.09058E+0	-10.6281E-9
3.48333E-3	537.091E-12	355.540E-3	-46.3651E-3	1.09058E+0	-10.6281E-9
3.47500E-3	537.031E-12	325.871E-3	-24.0777E-3	1.09058E+0	-10.6281E-9
3.46667E-3	536.938E-12	315.972E-3	-3.04738E-3	1.09058E+0	-10.6281E-9
3.45833E-3	536.817E-12	332.183E-3	-2.88737E-3	1.09057E+0	-10.6281E-9
3.45000E-3	535.675E-12	309.190E-3	19.0838E-3	1.09058E+0	-10.6281E-9
3.44167E-3	534.062E-12	285.509E-3	32.9093E-3	1.09058E+0	-10.6281E-9
3.43333E-3	531.888E-12	289.768E-3	19.8871E-3	1.09058E+0	-10.6281E-9
3.42500E-3	529.166E-12	302.324E-3	-21.2188E-3	1.09057E+0	-10.6281E-9
3.41667E-3	531.151E-12	274.363E-3	-45.5582E-3	1.09058E+0	-10.6281E-9
3.40833E-3	531.955E-12	281.468E-3	-39.6259E-3	1.09058E+0	-10.6281E-9
3.40000E-3	530.185E-12	301.712E-3	-482.584E-6	1.09057E+0	-10.6281E-9
3.39167E-3	525.784E-12	342.738E-3	16.1885E-3	1.09058E+0	-10.6281E-9
3.38333E-3	526.096E-12	371.252E-3	-15.3804E-3	1.09058E+0	-10.6281E-9
3.37500E-3	525.464E-12	381.487E-3	-21.4316E-3	1.09057E+0	-10.6281E-9
3.36667E-3	524.679E-12	357.909E-3	-16.2147E-3	1.09058E+0	-10.6281E-9
3.35833E-3	523.266E-12	341.511E-3	1.74906E-3	1.09058E+0	-10.6281E-9
3.35000E-3	520.785E-12	314.820E-3	14.1791E-3	1.09058E+0	-10.6281E-9
3.34167E-3	521.000E-12	309.496E-3	35.1931E-3	1.09058E+0	-10.6281E-9
3.33333E-3	521.375E-12	331.925E-3	25.3975E-3	1.09058E+0	-10.6281E-9
3.32500E-3	519.670E-12	348.306E-3	37.8516E-3	1.09058E+0	-10.6281E-9
3.31667E-3	518.239E-12	392.149E-3	9.88617E-3	1.09057E+0	-10.6281E-9
3.30833E-3	517.041E-12	383.979E-3	10.3254E-3	1.09058E+0	-10.6281E-9
3.30000E-3	516.668E-12	363.450E-3	48.6098E-3	1.09058E+0	-10.6281E-9
3.29167E-3	517.186E-12	341.504E-3	56.6415E-3	1.09058E+0	-10.6281E-9
3.28333E-3	515.408E-12	345.156E-3	4.71273E-3	1.09058E+0	-10.6281E-9
3.27500E-3	513.375E-12	305.298E-3	-72.5095E-3	1.09058E+0	-10.6281E-9
3.26667E-3	513.906E-12	266.076E-3	-55.9573E-3	1.09059E+0	-10.6281E-9
3.25833E-3	510.905E-12	292.895E-3	-11.4139E-3	1.09058E+0	-10.6281E-9
3.25000E-3	509.872E-12	372.083E-3	15.0882E-3	1.09059E+0	-10.6281E-9
3.24167E-3	509.361E-12	370.717E-3	-25.4325E-3	1.09059E+0	-10.6281E-9
3.23333E-3	509.242E-12	307.268E-3	-34.0041E-3	1.09059E+0	-10.6281E-9
3.22500E-3	507.738E-12	304.332E-3	-12.2003E-3	1.09058E+0	-10.6281E-9
3.21667E-3	506.798E-12	346.145E-3	-27.7107E-3	1.09058E+0	-10.6281E-9
3.20833E-3	505.116E-12	355.809E-3	-66.2012E-3	1.09059E+0	-10.6281E-9
3.20000E-3	503.201E-12	321.702E-3	-31.0490E-3	1.09058E+0	-10.6281E-9
3.19167E-3	501.002E-12	335.076E-3	8.67503E-3	1.09058E+0	-10.6281E-9
3.18333E-3	500.321E-12	307.417E-3	6.44552E-3	1.09057E+0	-10.6281E-9
3.17500E-3	498.614E-12	300.077E-3	1.72607E-3	1.09058E+0	-10.6281E-9
3.16667E-3	495.743E-12	313.488E-3	-1.95679E-3	1.09058E+0	-10.6281E-9
3.15833E-3	493.687E-12	318.997E-3	-10.0257E-3	1.09058E+0	-10.6281E-9
3.15000E-3	491.405E-12	306.377E-3	4.82452E-3	1.09058E+0	-10.6281E-9
3.14167E-3	491.177E-12	333.355E-3	60.5256E-3	1.09057E+0	-10.6281E-9
3.13333E-3	489.108E-12	358.775E-3	26.6973E-3	1.09057E+0	-10.6281E-9
3.12500E-3	487.921E-12	362.643E-3	1.66870E-3	1.09056E+0	-10.6281E-9
3.11667E-3	487.083E-12	366.149E-3	9.57001E-3	1.09056E+0	-10.6281E-9
3.10833E-3	484.951E-12	372.592E-3	2.55269E-3	1.09058E+0	-10.6281E-9
3.10000E-3	482.627E-12	405.087E-3	-46.1079E-3	1.09057E+0	-10.6281E-9
3.09167E-3	484.307E-12	401.981E-3	-68.0104E-3	1.09058E+0	-10.6281E-9
3.08333E-3	486.112E-12	388.274E-3	-74.7748E-3	1.09057E+0	-10.6281E-9
3.07500E-3	486.681E-12	356.862E-3	-57.0130E-3	1.09057E+0	-10.6281E-9
3.06667E-3	485.504E-12	349.392E-3	-12.0773E-3	1.09058E+0	-10.6281E-9
3.05833E-3	485.677E-12	348.343E-3	-884.908E-6	1.09057E+0	-10.6281E-9
3.05000E-3	484.951E-12	396.759E-3	-25.8313E-3	1.09058E+0	-10.6281E-9
3.04167E-3	481.390E-12	417.982E-3	-62.2708E-3	1.09058E+0	-10.6281E-9
3.03333E-3	479.354E-12	379.146E-3	-67.3265E-3	1.09057E+0	-10.6281E-9
3.02500E-3	478.708E-12	316.151E-3	-45.4920E-3	1.09057E+0	-10.6281E-9
3.01667E-3	477.490E-12	282.420E-3	13.9275E-3	1.09057E+0	-10.6281E-9
3.00833E-3	475.408E-12	261.239E-3	9.68658E-3	1.09058E+0	-10.6281E-9
3.00000E-3	471.603E-12	260.089E-3	-10.3090E-3	1.09057E+0	-10.6281E-9
2.99167E-3	467.996E-12	303.692E-3	-46.5046E-3	1.09057E+0	-10.6281E-9
2.98333E-3	466.144E-12	342.348E-3	-54.0784E-3	1.09057E+0	-10.6281E-9
2.97500E-3	465.015E-12	359.316E-3	-56.9689E-3	1.09057E+0	-10.6281E-9
2.96667E-3	461.792E-12	335.243E-3	-39.3168E-3	1.09057E+0	-10.6281E-9
2.95833E-3	460.686E-12	357.626E-3	-35.8714E-3	1.09058E+0	-10.6281E-9
2.95000E-3	458.303E-12	333.339E-3	-74.7302E-3	1.09057E+0	-10.6281E-9
2.94167E-3	457.646E-12	304.561E-3	-47.9904E-3	1.09058E+0	-10.6281E-9
2.93333E-3	456.753E-12	281.342E-3	10.7272E-3	1.09058E+0	-10.6281E-9
2.92500E-3	457.463E-12	258.019E-3	33.8373E-3	1.09057E+0	-10.6281E-9
2.91667E-3	457.395E-12	225.859E-3	24.1516E-3	1.09058E+0	-10.6281E-9
2.90833E-3	457.686E-12	228.192E-3	36.2675E-3	1.09058E+0	-10.6281E-9
2.90000E-3	458.915E-12	249.736E-3	-13.4667E-3	1.09057E+0	-10.6281E-9
2.89167E-3	459.503E-12	216.486E-3	-23.7309E-3	1.09057E+0	-10.6281E-9
2.88333E-3	460.520E-12	162.352E-3	14.7611E-3	1.09058E+0	-10.6281E-9
2.87500E-3	459.139E-12	140.008E-3	35.4254E-3	1.09057E+0	-10.6281E-9
2.86667E-3	458.817E-12	173.570E-3	1.73035E-3	1.09057E+0	-10.6281E-9
2.85833E-3	458.289E-12	166.547E-3	-24.1764E-3	1.09057E+0	-10.6281E-9
2.85000E-3	456.646E-12	136.043E-3	-21.9490E-3	1.09058E+0	-10.6281E-9
2.84167E-3	455.807E-12	84.0374E-3	-3.75844E-3	1.09058E+0	-10.6281E-9
2.83333E-3	453.136E-12	102.015E-3	12.0610E-3	1.09057E+0	-10.6281E-9
2.82500E-3	450.724E-12	117.649E-3	9.47113E-3	1.09057E+0	-10.6281E-9
2.81667E-3	447.777E-12	82.7372E-3	41.2430E-3	1.09058E+0	-10.6281E-9
2.80833E-3	445.460E-12	74.3754E-3	78.2398E-3	1.09057E+0	-10.6281E-9
2.80000E-3	445.925E-12	142.026E-3	58.5514E-3	1.09057E+0	-10.6281E-9
2.79167E-3	444.576E-12	164.695E-3	-29.8172E-3	1.09057E+0	-10.6281E-9
2.78333E-3	443.644E-12	147.243E-3	-30.5609E-3	1.09057E+0	-10.6281E-9
2.77500E-3	441.499E-12	146.850E-3	-22.8591E-3	1.09057E+0	-10.6281E-9
2.76667E-3	442.367E-12	98.7683E-3	-20.1930E-3	1.09057E+0	-10.6281E-9
2.75833E-3	443.545E-12	90.1639E-3	5.15554E-3	1.09057E+0	-10.6281E-9
2.75000E-3	443.578E-12	139.480E-3	37.5053E-3	1.09057E+0	-10.6281E-9
2.74167E-3	443.857E-12	189.645E-3	2.83305E-3	1.09057E+0	-10.6281E-9
2.73333E-3	445.255E-12	177.898E-3	-24.1630E-3	1.09058E+0	-10.6281E-9
2.72500E-3	446.415E-12	204.008E-3	5.19989E-3	1.09058E+0	-10.6281E-9
2.71667E-3	445.674E-12	205.611E-3	-4.06179E-3	1.09057E+0	-10.6281E-9
2.70833E-3	444.666E-12	176.568E-3	-23.4782E-3	1.09058E+0	-10.6281E-9
2.70000E-3	445.175E-12	179.087E-3	-47.8917E-3	1.09058E+0	-10.6281E-9
2.69167E-3	444.224E-12	236.321E-3	-59.3086E-3	1.09057E+0	-10.6281E-9
2.68333E-3	443.719E-12	259.814E-3	-94.4084E-3	1.09058E+0	-10.6281E-9
2.67500E-3	441.947E-12	251.926E-3	-93.5759E-3	1.09057E+0	-10.6281E-9
2.66667E-3	441.656E-12	255.080E-3	-77.5810E-3	1.09057E+0	-10.6281E-9
2.65833E-3	439.923E-12	237.253E-3	-32.7569E-3	1.09058E+0	-10.6281E-9
2.65000E-3	437.156E-12	212.282E-3	-22.9326E-3	1.09057E+0	-10.6281E-9
2.64167E-3	435.337E-12	179.913E-3	-21.6130E-3	1.09057E+0	-10.6281E-9
2.63333E-3	434.055E-12	229.542E-3	-4.01357E-3	1.09058E+0	-10.6281E-9
2.62500E-3	433.271E-12	301.770E-3	6.00596E-3	1.09057E+0	-10.6281E-9
2.61667E-3	432.051E-12	355.843E-3	-3.89445E-3	1.09058E+0	-10.6281E-9
2.60833E-3	429.568E-12	315.774E-3	-14.2600E-3	1.09056E+0	-10.6281E-9
2.60000E-3	431.549E-12	279.181E-3	13.2905E-3	1.09058E+0	-10.6281E-9
2.59167E-3	431.977E-12	279.255E-3	23.9980E-3	1.09057E+0	-10.6281E-9
2.58333E-3	431.232E-12	255.734E-3	3.91602E-3	1.09058E+0	-10.6281E-9
2.57500E-3	428.222E-12	235.641E-3	-42.2004E-3	1.09058E+0	-10.6281E-9
2.56667E-3	427.920E-12	252.723E-3	-47.3852E-3	1.09058E+0	-10.6281E-9
2.55833E-3	428.776E-12	220.075E-3	-60.3762E-3	1.09058E+0	-10.6281E-9
2.55000E-3	428.334E-12	160.286E-3	-46.8019E-3	1.09057E+0	-10.6281E-9
2.54167E-3	429.134E-12	202.907E-3	-58.6346E-3	1.09057E+0	-10.6281E-9
2.53333E-3	428.841E-12	258.609E-3	-65.8678E-3	1.09058E+0	-10.6281E-9
2.52500E-3	429.692E-12	242.123E-3	-26.8283E-3	1.09057E+0	-10.6281E-9
2.51667E-3	429.016E-12	156.062E-3	26.8917E-3	1.09057E+0	-10.6281E-9
2.50833E-3	428.731E-12	151.004E-3	33.0347E-3	1.09058E+0	-10.6281E-9
2.50000E-3	427.512E-12	180.775E-3	-7.55351E-3	1.09059E+0	-10.6281E-9
2.49167E-3	425.246E-12	214.476E-3	-41.6795E-3	1.09059E+0	-10.6281E-9
2.48333E-3	424.809E-12	213.778E-3	-58.9754E-3	1.09057E+0	-10.6281E-9
2.47500E-3	423.444E-12	194.157E-3	-10.2746E-3	1.09058E+0	-10.6281E-9
2.46667E-3	420.832E-12	183.298E-3	18.5740E-3	1.09058E+0	-10.6281E-9
2.45833E-3	418.259E-12	197.784E-3	12.5156E-3	1.09059E+0	-10.6281E-9
2.45000E-3	416.693E-12	206.493E-3	10.0664E-3	1.09057E+0	-10.6281E-9
2.44167E-3	416.812E-12	229.145E-3	38.5925E-3	1.09058E+0	-10.6281E-9
2.43333E-3	415.814E-12	288.690E-3	3.04535E-3	1.09059E+0	-10.6281E-9
2.42500E-3	415.861E-12	272.904E-3	-13.4926E-3	1.09058E+0	-10.6281E-9
2.41667E-3	415.470E-12	279.748E-3	22.4453E-3	1.09058E+0	-10.6281E-9
2.40833E-3	412.763E-12	337.345E-3	61.3975E-3	1.09057E+0	-10.6281E-9
2.40000E-3	410.933E-12	385.607E-3	55.5442E-3	1.09057E+0	-10.6281E-9
2.39167E-3	409.545E-12	400.725E-3	19.5120E-3	1.09056E+0	-10.6281E-9
2.38333E-3	408.101E-12	451.433E-3	-20.0005E-3	1.09057E+0	-10.6281E-9
2.37500E-3	405.713E-12	488.463E-3	-44.0852E-3	1.09056E+0	-10.6281E-9
2.36667E-3	404.149E-12	546.085E-3	-29.1344E-3	1.09058E+0	-10.6281E-9
2.35833E-3	399.805E-12	604.545E-3	-56.6591E-3	1.09057E+0	-10.6281E-9
2.35000E-3	396.161E-12	675.609E-3	-41.0116E-3	1.09057E+0	-10.6281E-9
2.34167E-3	395.560E-12	766.817E-3	-865.988E-6	1.09057E+0	-10.6281E-9
2.33333E-3	393.252E-12	837.690E-3	21.0903E-3	1.09057E+0	-10.6281E-9
2.32500E-3	386.822E-12	892.766E-3	-41.2128E-3	1.09057E+0	-10.6281E-9
2.31667E-3	383.558E-12	925.208E-3	-79.7468E-3	1.09057E+0	-10.6281E-9
2.30833E-3	380.423E-12	980.271E-3	-44.3279E-3	1.09057E+0	-10.6281E-9
2.30000E-3	376.011E-12	1.03926E+0	-912.882E-6	1.09057E+0	-10.6281E-9
2.29167E-3	371.681E-12	1.10389E+0	-8.89587E-3	1.09059E+0	-10.6281E-9
2.28333E-3	368.025E-12	1.09129E+0	-9.36635E-3	1.09058E+0	-10.6281E-9
2.27500E-3	363.089E-12	1.07406E+0	21.5588E-3	1.09058E+0	-10.6281E-9
2.26667E-3	357.565E-12	1.07363E+0	12.2573E-3	1.09058E+0	-10.6281E-9
2.25833E-3	353.314E-12	1.09345E+0	-10.2560E-3	1.09057E+0	-10.6281E-9
2.25000E-3	347.774E-12	1.08016E+0	-24.5531E-3	1.09058E+0	-10.6281E-9
2.24167E-3	344.921E-12	1.08341E+0	-9.27907E-3	1.09057E+0	-10.6281E-9
2.23333E-3	340.561E-12	1.08483E+0	-48.8691E-3	1.09057E+0	-10.6281E-9
2.22500E-3	336.390E-12	1.05309E+0	-65.7046E-3	1.09057E+0	-10.6281E-9
2.21667E-3	331.830E-12	1.03563E+0	-49.9006E-3	1.09058E+0	-10.6281E-9
2.20833E-3	326.213E-12	1.04069E+0	4.19037E-3	1.09057E+0	-10.6281E-9
2.20000E-3	322.528E-12	1.04674E+0	-7.23897E-3	1.09058E+0	-10.6281E-9
2.19167E-3	322.365E-12	979.831E-3	-35.5079E-3	1.09058E+0	-10.6281E-9
2.18333E-3	322.150E-12	941.450E-3	-19.3359E-3	1.09057E+0	-10.6281E-9
2.17500E-3	319.831E-12	909.352E-3	-7.42788E-3	1.09059E+0	-10.6281E-9
2.16667E-3	316.395E-12	905.020E-3	-32.0971E-3	1.09058E+0	-10.6281E-9
2.15833E-3	313.836E-12	882.056E-3	-48.3681E-3	1.09058E+0	-10.6281E-9
2.15000E-3	311.149E-12	890.722E-3	-28.2498E-3	1.09058E+0	-10.6281E-9
2.14167E-3	308.637E-12	881.428E-3	-31.3188E-3	1.09058E+0	-10.6281E-9
2.13333E-3	302.601E-12	836.542E-3	4.30959E-3	1.09058E+0	-10.6281E-9
2.12500E-3	299.750E-12	799.314E-3	19.2314E-3	1.09058E+0	-10.6281E-9
2.11667E-3	295.089E-12	800.359E-3	35.6918E-3	1.09058E+0	-10.6281E-9
2.10833E-3	292.282E-12	793.299E-3	21.2279E-3	1.09057E+0	-10.6281E-9
2.10000E-3	289.885E-12	748.665E-3	29.4313E-3	1.09058E+0	-10.6281E-9
2.09167E-3	287.955E-12	732.867E-3	11.2811E-3	1.09058E+0	-10.6281E-9
2.08333E-3	284.304E-12	742.787E-3	-3.94002E-3	1.09058E+0	-10.6281E-9
2.07500E-3	281.022E-12	776.324E-3	-38.5894E-3	1.09057E+0	-10.6281E-9
2.06667E-3	278.063E-12	717.599E-3	-44.5668E-3	1.09057E+0	-10.6281E-9
2.05833E-3	275.136E-12	700.934E-3	3.59589E-3	1.09057E+0	-10.6281E-9
2.05000E-3	273.194E-12	721.170E-3	22.3042E-3	1.09057E+0	-10.6281E-9
2.04167E-3	270.146E-12	741.809E-3	9.54987E-3	1.09058E+0	-10.6281E-9
2.03333E-3	267.772E-12	713.884E-3	-20.3873E-3	1.09058E+0	-10.6281E-9
2.02500E-3	265.457E-12	733.408E-3	-7.20510E-3	1.09057E+0	-10.6281E-9
2.01667E-3	263.621E-12	797.162E-3	-40.5356E-3	1.09057E+0	-10.6281E-9
2.00833E-3	259.612E-12	859.794E-3	-47.6841E-3	1.09057E+0	-10.6281E-9
2.00000E-3	255.364E-12	966.347E-3	-35.4971E-3	1.09058E+0	-10.6281E-9
1.99167E-3	250.975E-12	1.13725E+0	-2.14864E-3	1.09057E+0	-10.6281E-9
1.98333E-3	244.583E-12	1.35414E+0	-38.0347E-3	1.09058E+0	-10.6281E-9
1.97500E-3	235.568E-12	1.52743E+0	-67.2336E-3	1.09058E+0	-10.6281E-9
1.96667E-3	227.573E-12	1.70909E+0	-58.7709E-3	1.09057E+0	-10.6281E-9
1.95833E-3	220.287E-12	1.90859E+0	-29.2614E-3	1.09057E+0	-10.6281E-9
1.95000E-3	211.271E-12	2.15869E+0	-52.3425E-3	1.09058E+0	-10.6281E-9
1.94167E-3	202.772E-12	2.33712E+0	-96.5038E-3	1.09058E+0	-10.6281E-9
1.93333E-3	189.949E-12	2.53791E+0	-71.9923E-3	1.09058E+0	-10.6281E-9
1.92500E-3	178.391E-12	2.76848E+0	-45.6153E-3	1.09057E+0	-10.6281E-9
1.91667E-3	164.038E-12	3.03447E+0	-42.0713E-3	1.09058E+0	-10.6281E-9
1.90833E-3	149.091E-12	3.28054E+0	-85.0578E-3	1.09059E+0	-10.6281E-9
1.90000E-3	138.208E-12	3.54399E+0	-50.8449E-3	1.09058E+0	-10.6281E-9
1.89167E-3	126.604E-12	3.78813E+0	-61.2239E-3	1.09057E+0	-10.6281E-9
1.88333E-3	111.879E-12	3.84495E+0	-102.808E-3	1.09057E+0	-10.6281E-9
1.87500E-3	100.674E-12	3.64294E+0	-118.008E-3	1.09057E+0	-10.6281E-9
1.86667E-3	94.1451E-12	3.24828E+0	-24.8953E-3	1.09058E+0	-10.6281E-9
1.85833E-3	88.0377E-12	2.77239E+0	-8.09916E-3	1.09056E+0	-10.6281E-9
1.85000E-3	84.0564E-12	2.12826E+0	-25.0713E-3	1.09058E+0	-10.6281E-9
1.84167E-3	81.6559E-12	1.48623E+0	-10.0021E-3	1.09059E+0	-10.6281E-9
1.83333E-3	80.5827E-12	915.491E-3	4.94385E-3	1.09058E+0	-10.6281E-9
1.82500E-3	80.0533E-12	521.748E-3	10.8647E-3	1.09057E+0	-10.6281E-9
1.81667E-3	80.2684E-12	193.932E-3	-12.3505E-3	1.09058E+0	-10.6281E-9
1.80833E-3	81.1788E-12	-25.6995E-3	-1.01084E-3	1.09057E+0	-10.6281E-9
1.80000E-3	82.3084E-12	-193.430E-3	-30.1461E-3	1.09058E+0	-10.6281E-9
1.79167E-3	83.5166E-12	-311.087E-3	-8.70494E-3	1.09057E+0	-10.6281E-9
1.78333E-3	84.9803E-12	-385.616E-3	-12.2846E-3	1.09057E+0	-10.6281E-9
1.77500E-3	86.5113E-12	-440.292E-3	12.7756E-3	1.09057E+0	-10.6281E-9
1.76667E-3	87.7527E-12	-449.803E-3	-13.7849E-3	1.09058E+0	-10.6281E-9
1.75833E-3	88.8835E-12	-443.643E-3	-15.9056E-3	1.09058E+0	-10.6281E-9
1.75000E-3	89.1690E-12	-333.948E-3	-19.3294E-3	1.09057E+0	-10.6281E-9
1.74167E-3	88.7886E-12	-201.239E-3	-9.67845E-3	1.09057E+0	-10.6281E-9
1.73333E-3	87.5402E-12	-2.89195E-3	-9.70418E-3	1.09058E+0	-10.6281E-9
1.72500E-3	85.8712E-12	174.771E-3	-24.9283E-3	1.09057E+0	-10.6281E-9
1.71667E-3	83.5964E-12	379.583E-3	-22.4991E-3	1.09057E+0	-10.6281E-9
1.70833E-3	81.7064E-12	526.087E-3	-17.8992E-3	1.09057E+0	-10.6281E-9
1.70000E-3	80.2235E-12	632.691E-3	6.40747E-3	1.09057E+0	-10.6281E-9
1.69167E-3	78.3941E-12	626.563E-3	-26.7850E-3	1.09057E+0	-10.6281E-9
1.68333E-3	77.4234E-12	540.748E-3	-13.7497E-3	1.09058E+0	-10.6281E-9
1.67500E-3	76.7437E-12	410.373E-3	-13.9690E-3	1.09056E+0	-10.6281E-9
1.66667E-3	75.8940E-12	265.485E-3	3.00100E-3	1.09057E+0	-10.6281E-9
1.65833E-3	75.4466E-12	152.760E-3	-24.4586E-3	1.09058E+0	-10.6281E-9
1.65000E-3	75.2103E-12	58.6500E-3	-8.87858E-3	1.09057E+0	-10.6281E-9
1.64167E-3	74.6703E-12	62.7296E-3	-14.8970E-3	1.09058E+0	-10.6281E-9
1.63333E-3	73.3323E-12	85.8737E-3	-23.9096E-3	1.09058E+0	-10.6281E-9
1.62500E-3	71.5275E-12	166.890E-3	-29.4415E-3	1.09057E+0	-10.6281E-9
1.61667E-3	70.0590E-12	246.917E-3	-18.9691E-3	1.09057E+0	-10.6281E-9
1.60833E-3	68.6554E-12	389.796E-3	-1.83553E-3	1.09057E+0	-10.6281E-9
1.60000E-3	66.4806E-12	476.935E-3	-24.5042E-3	1.09058E+0	-10.6281E-9
1.59167E-3	64.8952E-12	503.752E-3	-17.5503E-3	1.09057E+0	-10.6281E-9
1.58333E-3	64.2519E-12	451.902E-3	-5.37445E-3	1.09057E+0	-10.6281E-9
1.57500E-3	64.1944E-12	373.063E-3	30.4336E-3	1.09056E+0	-10.6281E-9
1.56667E-3	63.8844E-12	248.471E-3	-8.75692E-3	1.09058E+0	-10.6281E-9
1.55833E-3	63.7121E-12	115.095E-3	-14.7151E-3	1.09057E+0	-10.6281E-9
1.55000E-3	63.8675E-12	46.7155E-3	-18.7069E-3	1.09057E+0	-10.6281E-9
1.54167E-3	63.9926E-12	15.0879E-3	3.67940E-3	1.09057E+0	-10.6281E-9
1.53333E-3	63.9264E-12	25.3503E-3	-7.18099E-3	1.09057E+0	-10.6281E-9
1.52500E-3	63.6773E-12	-5.41473E-3	-1.30442E-3	1.09059E+0	-10.6281E-9
1.51667E-3	63.5173E-12	10.0432E-3	-3.31431E-3	1.09058E+0	-10.6281E-9
1.50833E-3	62.7259E-12	30.8067E-3	-7.99499E-3	1.09057E+0	-10.6281E-9
1.50000E-3	60.5822E-12	132.090E-3	-4.36371E-3	1.09058E+0	-10.6281E-9
1.49167E-3	57.1276E-12	301.036E-3	-10.5754E-3	1.09056E+0	-10.6281E-9
1.48333E-3	53.2564E-12	600.109E-3	-2.59837E-3	1.09057E+0	-10.6281E-9
1.47500E-3	47.9329E-12	939.213E-3	-42.8681E-3	1.09058E+0	-10.6281E-9
1.46667E-3	40.9822E-12	1.26074E+0	-50.8488E-3	1.09058E+0	-10.6281E-9
1.45833E-3	35.6043E-12	1.49436E+0	-42.5963E-3	1.09057E+0	-10.6281E-9
1.45000E-3	31.4050E-12	1.61817E+0	6.40391E-3	1.09058E+0	-10.6281E-9
1.44167E-3	26.5737E-12	1.58952E+0	-8.08960E-3	1.09057E+0	-10.6281E-9
1.43333E-3	22.2754E-12	1.38734E+0	-3.51908E-3	1.09057E+0	-10.6281E-9
1.42500E-3	20.1530E-12	1.12648E+0	-4.82768E-3	1.09058E+0	-10.6281E-9
1.41667E-3	18.6090E-12	836.800E-3	8.97461E-3	1.09058E+0	-10.6281E-9
1.40833E-3	17.0499E-12	611.422E-3	-7.60529E-3	1.09058E+0	-10.6281E-9
1.40000E-3	16.0224E-12	414.846E-3	-12.9731E-3	1.09057E+0	-10.6281E-9
1.39167E-3	15.5533E-12	315.641E-3	-7.01894E-3	1.09057E+0	-10.6281E-9
1.38333E-3	14.8542E-12	229.392E-3	-20.3433E-3	1.09059E+0	-10.6281E-9
1.37500E-3	14.2584E-12	193.928E-3	-12.7913E-3	1.09059E+0	-10.6281E-9
1.36667E-3	13.9362E-12	145.157E-3	-18.1429E-3	1.09058E+0	-10.6281E-9
1.35833E-3	13.6446E-12	115.075E-3	8.95406E-3	1.09059E+0	-10.6281E-9
1.35000E-3	13.5089E-12	86.6675E-3	-8.14280E-3	1.09058E+0	-10.6281E-9
1.34167E-3	13.2965E-12	69.2086E-3	-3.34574E-3	1.09058E+0	-10.6281E-9
1.33333E-3	13.1960E-12	59.4616E-3	-22.9332E-3	1.09058E+0	-10.6281E-9
1.32500E-3	13.1969E-12	24.0951E-3	-8.86525E-3	1.09059E+0	-10.6281E-9
1.31667E-3	13.3217E-12	6.82332E-3	-16.3642E-3	1.09058E+0	-10.6281E-9
1.30833E-3	13.3676E-12	-28.6941E-3	-4.13849E-3	1.09058E+0	-10.6281E-9
1.30000E-3	13.7616E-12	-34.8037E-3	-5.41412E-3	1.09058E+0	-10.6281E-9
1.29167E-3	14.1072E-12	-66.4445E-3	-3.96840E-3	1.09057E+0	-10.6281E-9
1.28333E-3	14.5666E-12	-65.1578E-3	2.62756E-3	1.09057E+0	-10.6281E-9
1.27500E-3	14.9542E-12	-94.0308E-3	-3.56913E-3	1.09058E+0	-10.6281E-9
1.26667E-3	15.3365E-12	-94.0907E-3	-2.25911E-3	1.09058E+0	-10.6281E-9
1.25833E-3	15.8261E-12	-114.396E-3	-18.7629E-3	1.09058E+0	-10.6281E-9
1.25000E-3	16.4470E-12	-123.104E-3	-2.64211E-3	1.09058E+0	-10.6281E-9
1.24167E-3	16.9543E-12	-138.170E-3	-5.65135E-3	1.09059E+0	-10.6281E-9
1.23333E-3	17.3817E-12	-147.304E-3	24.2667E-3	1.09058E+0	-10.6281E-9
1.22500E-3	17.7338E-12	-140.926E-3	11.4067E-3	1.09057E+0	-10.6281E-9
1.21667E-3	17.8343E-12	-129.782E-3	12.7255E-3	1.09058E+0	-10.6281E-9
1.20833E-3	17.6445E-12	-80.6956E-3	-5.10651E-3	1.09057E+0	-10.6281E-9
1.20000E-3	17.2238E-12	-29.9577E-3	-9.48903E-3	1.09058E+0	-10.6281E-9
1.19167E-3	16.5989E-12	62.2535E-3	-17.7325E-3	1.09057E+0	-10.6281E-9
1.18333E-3	15.0160E-12	144.630E-3	-7.84831E-3	1.09057E+0	-10.6281E-9
1.17500E-3	13.3160E-12	269.261E-3	-1.52405E-3	1.09058E+0	-10.6281E-9
1.16667E-3	12.1333E-12	362.662E-3	-4.51508E-3	1.09057E+0	-10.6281E-9
1.15833E-3	10.5805E-12	436.207E-3	2.43215E-3	1.09058E+0	-10.6281E-9
1.15000E-3	8.62879E-12	426.291E-3	-11.8850E-3	1.09057E+0	-10.6281E-9
1.14167E-3	7.88254E-12	376.362E-3	-4.63013E-3	1.09058E+0	-10.6281E-9
1.13333E-3	7.34960E-12	296.385E-3	-9.69432E-3	1.09058E+0	-10.6281E-9
1.12500E-3	6.79743E-12	215.897E-3	10.4117E-3	1.09058E+0	-10.6281E-9
1.11667E-3	6.13042E-12	148.298E-3	-6.76809E-3	1.09057E+0	-10.6281E-9
1.10833E-3	5.72311E-12	111.752E-3	1.71712E-3	1.09058E+0	-10.6281E-9
1.10000E-3	5.35721E-12	114.302E-3	-10.1823E-3	1.09058E+0	-10.6281E-9
1.09167E-3	4.71766E-12	109.381E-3	-4.65088E-3	1.09059E+0	-10.6281E-9
1.08333E-3	4.17933E-12	131.268E-3	-4.39850E-3	1.09060E+0	-10.6281E-9
1.07500E-3	3.85676E-12	121.387E-3	5.83303E-3	1.09058E+0	-10.6281E-9
1.06667E-3	3.54345E-12	124.743E-3	4.46696E-3	1.09058E+0	-10.6281E-9
1.05833E-3	3.15587E-12	98.9385E-3	-6.18398E-3	1.09058E+0	-10.6281E-9
1.05000E-3	2.82567E-12	92.8153E-3	-1.78355E-3	1.09057E+0	-10.6281E-9
1.04167E-3	2.69608E-12	73.8396E-3	-15.4508E-3	1.09057E+0	-10.6281E-9
1.03333E-3	2.42101E-12	78.1090E-3	-12.2673E-3	1.09058E+0	-10.6281E-9
1.02500E-3	2.17087E-12	67.3559E-3	-21.5271E-3	1.09058E+0	-10.6281E-9
1.01667E-3	1.84423E-12	58.8096E-3	-9.45577E-3	1.09058E+0	-10.6281E-9
1.00833E-3	1.74088E-12	55.4631E-3	-24.1367E-3	1.09058E+0	-10.6281E-9
1.00000E-3	1.60538E-12	53.5436E-3	-18.5123E-3	1.09057E+0	-10.6281E-9
991.667E-6	1.43407E-12	55.5826E-3	-26.2062E-3	1.09057E+0	-10.6281E-9
983.333E-6	1.28840E-12	32.5804E-3	-5.23905E-3	1.09058E+0	-10.6281E-9
975.000E-6	1.25727E-12	31.6039E-3	-540.263E-6	1.09058E+0	-10.6281E-9
966.667E-6	1.20387E-12	19.2439E-3	2.52024E-3	1.09057E+0	-10.6281E-9
958.333E-6	1.02982E-12	31.2072E-3	-5.00712E-3	1.09057E+0	-10.6281E-9
950.000E-6	986.684E-15	21.0331E-3	-7.03654E-3	1.09058E+0	-10.6281E-9
941.667E-6	981.394E-15	31.9824E-3	3.69934E-3	1.09058E+0	-10.6281E-9
933.333E-6	859.935E-15	16.0562E-3	-2.38922E-3	1.09059E+0	-10.6281E-9
925.000E-6	700.531E-15	16.0968E-3	1.02041E-3	1.09058E+0	-10.6281E-9
916.667E-6	718.740E-15	16.4651E-3	-17.1667E-3	1.09059E+0	-10.6281E-9
908.333E-6	670.522E-15	23.4680E-3	-10.2317E-3	1.09058E+0	-10.6281E-9
900.000E-6	594.228E-15	28.8257E-3	-18.8109E-3	1.09058E+0	-10.6281E-9
891.667E-6	476.634E-15	26.5744E-3	-1.55609E-3	1.09058E+0	-10.6281E-9
883.333E-6	481.923E-15	21.8344E-3	763.245E-6	1.09059E+0	-10.6281E-9
875.000E-6	533.803E-15	4.18518E-3	11.9402E-3	1.09058E+0	-10.6281E-9
866.667E-6	448.354E-15	3.92436E-3	3.18583E-3	1.09058E+0	-10.6281E-9
858.333E-6	423.330E-15	-11.8953E-3	5.09613E-3	1.09058E+0	-10.6281E-9
850.000E-6	496.775E-15	-5.56152E-3	896.505E-6	1.09057E+0	-10.6281E-9
841.667E-6	515.086E-15	-14.0399E-3	-3.33333E-3	1.09058E+0	-10.6281E-9
833.333E-6	486.094E-15	-171.102E-6	922.343E-6	1.09057E+0	-10.6281E-9
825.000E-6	528.412E-15	-12.5081E-3	-10.4495E-3	1.09058E+0	-10.6281E-9
816.667E-6	524.038E-15	-13.2656E-3	-7.11955E-3	1.09057E+0	-10.6281E-9
808.333E-6	604.095E-15	-16.9099E-3	-12.7084E-3	1.09058E+0	-10.6281E-9
800.000E-6	532.074E-15	-9.37958E-3	-8.84888E-3	1.09057E+0	-10.6281E-9
791.667E-6	522.817E-15	-1.67562E-3	-24.0426E-3	1.09058E+0	-10.6281E-9
783.333E-6	549.266E-15	290.426E-6	-9.34397E-3	1.09058E+0	-10.6281E-9
775.000E-6	553.029E-15	-183.105E-6	-7.84922E-3	1.09058E+0	-10.6281E-9
766.667E-6	458.527E-15	-11.7051E-3	1.80522E-3	1.09058E+0	-10.6281E-9
758.333E-6	406.138E-15	1.22437E-3	-7.29930E-3	1.09058E+0	-10.6281E-9
750.000E-6	500.844E-15	6.70970E-3	-7.49736E-3	1.09057E+0	-10.6281E-9
741.667E-6	407.664E-15	22.5741E-3	-6.88487E-3	1.09058E+0	-10.6281E-9
733.333E-6	279.999E-15	15.5773E-3	-2.50926E-3	1.09058E+0	-10.6281E-9
725.000E-6	298.208E-15	19.4161E-3	-630.493E-6	1.09057E+0	-10.6281E-9
716.667E-6	378.062E-15	4.76125E-3	-11.8283E-3	1.09057E+0	-10.6281E-9
708.333E-6	324.554E-15	6.75171E-3	-5.55339E-3	1.09059E+0	-10.6281E-9
700.000E-6	236.867E-15	-2.85105E-3	-4.70032E-3	1.09058E+0	-10.6281E-9
691.667E-6	239.919E-15	-4.30735E-3	3.61877E-3	1.09058E+0	-10.6281E-9
683.333E-6	280.507E-15	1.13729E-3	-9.65769E-3	1.09057E+0	-10.6281E-9
675.000E-6	273.387E-15	9.79004E-3	-5.56895E-3	1.09058E+0	-10.6281E-9
666.667E-6	147.044E-15	19.9764E-3	-18.6249E-3	1.09058E+0	-10.6281E-9
658.333E-6	190.277E-15	21.3553E-3	-17.1599E-3	1.09058E+0	-10.6281E-9
650.000E-6	189.260E-15	25.6031E-3	-13.7405E-3	1.09058E+0	-10.6281E-9
641.667E-6	132.294E-15	7.54364E-3	3.20353E-3	1.09058E+0	-10.6281E-9
633.333E-6	151.520E-15	9.57631E-3	4.49310E-3	1.09058E+0	-10.6281E-9
625.000E-6	158.030E-15	4.65108E-3	3.49284E-3	1.09058E+0	-10.6281E-9
616.667E-6	177.053E-15	10.5826E-3	10.1560E-3	1.09058E+0	-10.6281E-9
608.333E-6	153.554E-15	1.41713E-3	10.6602E-3	1.09059E+0	-10.6281E-9
600.000E-6	99.3347E-15	4.68496E-3	11.8212E-3	1.09057E+0	-10.6281E-9
591.667E-6	139.516E-15	-5.84320E-3	3.47565E-3	1.09058E+0	-10.6281E-9
583.333E-6	130.056E-15	-2.76479E-3	11.3249E-3	1.09058E+0	-10.6281E-9
575.000E-6	138.804E-15	2.55035E-3	-94.4008E-6	1.09058E+0	-10.6281E-9
566.667E-6	53.9653E-15	-424.194E-6	-3.41614E-3	1.09058E+0	-10.6281E-9
558.333E-6	109.507E-15	-7.74862E-3	-19.1196E-3	1.09058E+0	-10.6281E-9
550.000E-6	91.2984E-15	-12.2656E-3	-9.97335E-3	1.09059E+0	-10.6281E-9
541.667E-6	55.7963E-15	-2.41577E-3	-3.37362E-3	1.09058E+0	-10.6281E-9
533.333E-6	109.100E-15	-13.8759E-3	-962.423E-6	1.09057E+0	-10.6281E-9
525.000E-6	108.388E-15	-14.7100E-3	-6.46057E-3	1.09057E+0	-10.6281E-9
516.667E-6	83.6690E-15	-15.5536E-3	-4.81639E-3	1.09058E+0	-10.6281E-9
508.333E-6	11.7493E-15	80.0578E-6	-7.28780E-3	1.09059E+0	-10.6281E-9
500.000E-6	100.149E-15	-3.46486E-3	-7.94281E-3	1.09059E+0	-10.6281E-9
491.667E-6	95.5709E-15	2.78290E-3	7.04834E-3	1.09058E+0	-10.6281E-9
483.333E-6	79.1931E-15	4.14510E-3	6.18073E-3	1.09058E+0	-10.6281E-9
475.000E-6	130.666E-15	9.13849E-3	3.50545E-3	1.09058E+0	-10.6281E-9
466.667E-6	114.085E-15	7.46633E-3	-8.04881E-3	1.09058E+0	-10.6281E-9
458.333E-6	115.916E-15	10.5119E-3	-37.4350E-6	1.09058E+0	-10.6281E-9
450.000E-6	117.747E-15	12.2808E-3	-8.83911E-3	1.09057E+0	-10.6281E-9
441.667E-6	47.2514E-15	1.85445E-3	-10.4574E-3	1.09058E+0	-10.6281E-9
433.333E-6	79.2948E-15	363.973E-6	-14.4223E-3	1.09058E+0	-10.6281E-9
425.000E-6	135.345E-15	-4.56136E-3	-6.34776E-3	1.09058E+0	-10.6281E-9
416.667E-6	74.6155E-15	344.340E-6	-8.08960E-3	1.09057E+0	-10.6281E-9
408.333E-6	38.2996E-15	-7.46256E-3	-7.49390E-3	1.09058E+0	-10.6281E-9
400.000E-6	82.2449E-15	-5.16347E-3	-2.34639E-3	1.09057E+0	-10.6281E-9
391.667E-6	98.5209E-15	-4.95789E-3	-3.64288E-3	1.09058E+0	-10.6281E-9
383.333E-6	69.3258E-15	7.40580E-3	-1.63991E-3	1.09057E+0	-10.6281E-9
375.000E-6	152.599E-18	-1.10362E-3	-5.85663E-3	1.09058E+0	-10.6281E-9
366.667E-6	114.695E-15	-4.51843E-3	-399.984E-6	1.09059E+0	-10.6281E-9
358.333E-6	83.6690E-15	-7.60681E-3	-4.19637E-3	1.09057E+0	-10.6281E-9
350.000E-6	56.5084E-15	-1.75710E-3	-1.05621E-3	1.09057E+0	-10.6281E-9
341.667E-6	-36.2650E-15	8.62010E-3	-8.28613E-3	1.09059E+0	-10.6281E-9
333.333E-6	76.4465E-15	4.51121E-3	-3.43262E-3	1.09057E+0	-10.6281E-9
325.000E-6	77.8707E-15	1.50167E-3	-5.98765E-3	1.09058E+0	-10.6281E-9
316.667E-6	-457.756E-18	-6.16821E-3	-1.71631E-3	1.09058E+0	-10.6281E-9
308.333E-6	52.9480E-15	-1.01491E-3	-3.24443E-3	1.09059E+0	-10.6281E-9
300.000E-6	106.557E-15	996.704E-6	-6.16069E-3	1.09059E+0	-10.6281E-9
291.667E-6	75.9379E-15	9.56462E-3	-8.69843E-3	1.09059E+0	-10.6281E-9
283.333E-6	58.3394E-15	5.48025E-3	-6.35763E-3	1.09059E+0	-10.6281E-9
275.000E-6	70.5465E-15	12.2003E-3	1.00718E-3	1.09059E+0	-10.6281E-9
266.667E-6	122.325E-15	6.56850E-3	3.66557E-3	1.09058E+0	-10.6281E-9
258.333E-6	7.88372E-15	3.90910E-3	15.1170E-3	1.09058E+0	-10.6281E-9
250.000E-6	16.6321E-15	-2.11721E-3	7.20876E-3	1.09057E+0	-10.6281E-9
241.667E-6	30.5685E-15	-6.24736E-3	2.79053E-3	1.09057E+0	-10.6281E-9
233.333E-6	18.9718E-15	-2.04661E-3	662.130E-6	1.09058E+0	-10.6281E-9
225.000E-6	53.6601E-15	3.05756E-3	8.86515E-3	1.09057E+0	-10.6281E-9
216.667E-6	27.9236E-15	8.11666E-3	3.89058E-3	1.09057E+0	-10.6281E-9
208.333E-6	85.9070E-15	2.01589E-3	5.19704E-3	1.09058E+0	-10.6281E-9
200.000E-6	63.9343E-15	4.51884E-3	4.60958E-3	1.09058E+0	-10.6281E-9
191.667E-6	41.5548E-15	7.44456E-3	9.00533E-3	1.09059E+0	-10.6281E-9
183.333E-6	-17.5476E-15	22.1573E-3	11.2512E-3	1.09058E+0	-10.6281E-9
175.000E-6	69.9361E-15	14.9468E-3	5.72774E-3	1.09058E+0	-10.6281E-9
166.667E-6	88.0432E-15	451.660E-6	98.4701E-6	1.09057E+0	-10.6281E-9
158.333E-6	29.0426E-15	-9.15568E-3	-2.86641E-3	1.09058E+0	-10.6281E-9
150.000E-6	-1.37328E-15	2.01894E-3	5.29592E-3	1.09057E+0	-10.6281E-9
141.667E-6	44.5048E-15	9.11153E-3	-1.81132E-3	1.09057E+0	-10.6281E-9
133.333E-6	54.5756E-15	9.12231E-3	-5.44515E-3	1.09058E+0	-10.6281E-9
125.000E-6	21.3115E-15	2.11690E-3	-12.1512E-3	1.09057E+0	-10.6281E-9
116.667E-6	13.5803E-15	-2.08872E-3	-11.7835E-3	1.09058E+0	-10.6281E-9
108.333E-6	63.1205E-15	4.65698E-3	-14.7093E-3	1.09058E+0	-10.6281E-9
100.000E-6	132.802E-15	608.622E-6	-6.87693E-3	1.09058E+0	-10.6281E-9
91.6667E-6	17.6493E-15	2.00714E-3	-5.39998E-3	1.09057E+0	-10.6281E-9
83.3333E-6	35.4513E-15	-4.71079E-3	-4.85748E-3	1.09058E+0	-10.6281E-9
75.0000E-6	115.814E-15	-8.96250E-3	-8.70605E-3	1.09058E+0	-10.6281E-9
66.6667E-6	129.039E-15	-11.0213E-3	-12.9044E-3	1.09058E+0	-10.6281E-9
58.3333E-6	100.149E-15	-5.48808E-3	-7.73488E-3	1.09058E+0	-10.6281E-9
50.0000E-6	85.2966E-15	-9.98688E-3	-4.54397E-3	1.09057E+0	-10.6281E-9
41.6667E-6	81.1259E-15	-5.26072E-3	-1.01878E-3	1.09058E+0	-10.6281E-9
33.3333E-6	42.4703E-15	-1.41754E-3	-7.13420E-3	1.09058E+0	-10.6281E-9
25.0000E-6	29.2460E-15	1.55202E-3	-4.11570E-3	1.09058E+0	-10.6281E-9
16.6667E-6	31.5857E-15	1.61041E-3	-8.52366E-3	1.09058E+0	-10.6281E-9
8.33333E-6	30.9754E-15	1.76727E-3	-9.90631E-3	1.09058E+0	-10.6281E-9
0.00000E+0	-762.930E-18	8.38582E-3	-9.61202E-3	1.09058E+0	-10.6281E-9
-8.33333E-6	-83.4656E-15	6.37309E-3	-3.60392E-3	1.09057E+0	-10.6281E-9
-16.6667E-6	-76.9551E-15	6.23596E-3	-6.62862E-3	1.09057E+0	-10.6281E-9
-25.0000E-6	-966.378E-18	-1.10881E-3	-11.5700E-3	1.09057E+0	-10.6281E-9
-33.3333E-6	40.7410E-15	-4.45231E-3	-14.4455E-3	1.09058E+0	-10.6281E-9
-41.6667E-6	-38.2996E-15	-9.38721E-3	-6.54683E-3	1.09059E+0	-10.6281E-9
-50.0000E-6	-24.2615E-15	-5.43518E-3	3.84196E-3	1.09058E+0	-10.6281E-9
-58.3333E-6	49.9980E-15	-9.48975E-3	620.015E-6	1.09058E+0	-10.6281E-9
-66.6667E-6	-22.8373E-15	-13.8897E-3	2.28007E-3	1.09057E+0	-10.6281E-9
-75.0000E-6	-50.8118E-15	-15.6579E-3	1.76107E-3	1.09058E+0	-10.6281E-9
-83.3333E-6	14.1907E-15	-10.0814E-3	269.979E-6	1.09056E+0	-10.6281E-9
-91.6667E-6	67.0878E-15	-7.16939E-3	-5.73008E-3	1.09058E+0	-10.6281E-9
-100.000E-6	-73.4965E-15	-11.3057E-3	-331.116E-6	1.09058E+0	-10.6281E-9
-108.333E-6	-18.4631E-15	-11.0143E-3	-4.31834E-3	1.09057E+0	-10.6281E-9
-116.667E-6	85.2966E-15	-9.67631E-3	-5.99518E-3	1.09058E+0	-10.6281E-9
-125.000E-6	11.4441E-15	-3.72152E-3	-3.65326E-3	1.09058E+0	-10.6281E-9
-133.333E-6	-44.9117E-15	-1.01980E-3	-1.98730E-3	1.09057E+0	-10.6281E-9
-141.667E-6	22.2270E-15	7.17662E-3	-1.23606E-3	1.09058E+0	-10.6281E-9
-150.000E-6	84.1777E-15	3.26630E-3	3.20384E-3	1.09058E+0	-10.6281E-9
-158.333E-6	-10.0199E-15	-3.08370E-3	5.67301E-3	1.09058E+0	-10.6281E-9
-166.667E-6	-27.6184E-15	-8.23181E-3	-2.28882E-3	1.09057E+0	-10.6281E-9
-175.000E-6	27.4150E-15	1.82353E-3	-2.10154E-3	1.09059E+0	-10.6281E-9
-183.333E-6	61.8998E-15	5.26032E-3	-3.18868E-3	1.09057E+0	-10.6281E-9
-191.667E-6	-24.6684E-15	-1.57817E-3	-4.05924E-3	1.09058E+0	-10.6281E-9
-200.000E-6	-20.1925E-15	-5.49225E-3	-7.67792E-3	1.09057E+0	-10.6281E-9
-208.333E-6	-27.5167E-15	-7.01813E-3	-4.09566E-3	1.09059E+0	-10.6281E-9
-216.667E-6	25.5839E-15	-5.46519E-3	-3.39223E-3	1.09059E+0	-10.6281E-9
-225.000E-6	16.0217E-15	-10.0094E-3	2.08323E-3	1.09059E+0	-10.6281E-9
-233.333E-6	-33.8236E-15	-8.54309E-3	5.90373E-3	1.09057E+0	-10.6281E-9
-241.667E-6	12.1562E-15	-6.13525E-3	6.68132E-3	1.09057E+0	-10.6281E-9
-250.000E-6	-28.9408E-15	-124.308E-6	5.77667E-3	1.09057E+0	-10.6281E-9
-258.333E-6	-8.59578E-15	1.90501E-3	6.92657E-3	1.09058E+0	-10.6281E-9
-266.667E-6	-20.1925E-15	6.42039E-3	9.95677E-3	1.09058E+0	-10.6281E-9
-275.000E-6	6.76474E-15	5.67444E-3	4.52769E-3	1.09058E+0	-10.6281E-9
-283.333E-6	12.1562E-15	7.44130E-3	1.44979E-3	1.09058E+0	-10.6281E-9
-291.667E-6	-6.66299E-15	6.84011E-3	390.014E-6	1.09059E+0	-10.6281E-9
-300.000E-6	-59.6619E-15	4.91008E-3	2.97811E-3	1.09058E+0	-10.6281E-9
-308.333E-6	44.1996E-15	762.634E-6	-5.56244E-3	1.09058E+0	-10.6281E-9
-316.667E-6	4.11988E-15	-5.87840E-3	-6.05713E-3	1.09058E+0	-10.6281E-9
-325.000E-6	-19.7855E-15	-2.73407E-3	305.684E-6	1.09058E+0	-10.6281E-9
-333.333E-6	9.91822E-15	3.64329E-3	2.77710E-3	1.09057E+0	-10.6281E-9
-341.667E-6	31.8909E-15	13.8516E-3	-7.91158E-3	1.09058E+0	-10.6281E-9
-350.000E-6	-25.3804E-15	11.3496E-3	-15.7926E-3	1.09057E+0	-10.6281E-9
-358.333E-6	-46.2341E-15	-276.998E-6	-13.1531E-3	1.09058E+0	-10.6281E-9
-366.667E-6	-25.1770E-15	-11.2623E-3	-11.8070E-3	1.09059E+0	-10.6281E-9
-375.000E-6	22.0235E-15	-11.6660E-3	-6.28398E-3	1.09058E+0	-10.6281E-9
-383.333E-6	-42.7755E-15	-11.7855E-3	-1.77348E-3	1.09057E+0	-10.6281E-9
-391.667E-6	-116.119E-15	-8.07658E-3	-3.06936E-3	1.09057E+0	-10.6281E-9
-400.000E-6	-29.6529E-15	-4.75362E-3	-8.87329E-3	1.09058E+0	-10.6281E-9
-408.333E-6	44.7083E-15	-4.87050E-3	-2.94668E-3	1.09059E+0	-10.6281E-9
-416.667E-6	-90.9932E-15	-4.46330E-3	-587.362E-6	1.09056E+0	-10.6281E-9
-425.000E-6	-89.0605E-15	897.013E-6	-2.15658E-3	1.09058E+0	-10.6281E-9
-433.333E-6	-15.4114E-15	9.24235E-3	-8.20343E-3	1.09058E+0	-10.6281E-9
-441.667E-6	27.3132E-15	4.95585E-3	-8.80432E-3	1.09058E+0	-10.6281E-9
-450.000E-6	-21.9218E-15	117.289E-6	-3.48033E-3	1.09058E+0	-10.6281E-9
-458.333E-6	-96.3847E-15	-5.24282E-3	-694.377E-6	1.09058E+0	-10.6281E-9
-466.667E-6	6.76474E-15	-6.65059E-3	-1.26190E-3	1.09058E+0	-10.6281E-9
-475.000E-6	-6.45954E-15	-5.88694E-3	2.71149E-3	1.09058E+0	-10.6281E-9
-483.333E-6	-75.6327E-15	-804.850E-6	9.12496E-3	1.09059E+0	-10.6281E-9
-491.667E-6	-72.0723E-15	-1.30534E-3	4.56421E-3	1.09058E+0	-10.6281E-9
-500.000E-6	-26.2960E-15	-2.44436E-3	-658.264E-6	1.09057E+0	-10.6281E-9
-508.333E-6	-71.1568E-15	292.460E-6	-6.59597E-3	1.09058E+0	-10.6281E-9
-516.667E-6	-123.545E-15	4.11530E-3	877.686E-6	1.09056E+0	-10.6281E-9
-525.000E-6	-56.6101E-15	2.65116E-3	2.03685E-3	1.09057E+0	-10.6281E-9
-533.333E-6	-35.1461E-15	-7.87211E-3	-7.74384E-3	1.09057E+0	-10.6281E-9
-541.667E-6	-76.9551E-15	-11.3708E-3	-16.0071E-3	1.09058E+0	-10.6281E-9
-550.000E-6	-159.556E-15	-5.99996E-3	-7.94139E-3	1.09057E+0	-10.6281E-9
-558.333E-6	-101.674E-15	1.26394E-3	3.42173E-3	1.09057E+0	-10.6281E-9
-566.667E-6	-82.0414E-15	-3.55347E-3	-1.58274E-3	1.09057E+0	-10.6281E-9
-575.000E-6	-180.105E-15	-3.29915E-3	-10.5067E-3	1.09058E+0	-10.6281E-9
-583.333E-6	-147.044E-15	3.57880E-3	-11.8531E-3	1.09057E+0	-10.6281E-9
-591.667E-6	-102.692E-15	6.78803E-3	-9.63084E-3	1.09058E+0	-10.6281E-9
-600.000E-6	-114.390E-15	258.687E-6	-15.5806E-3	1.09058E+0	-10.6281E-9
-608.333E-6	-191.193E-15	-289.408E-6	-13.1006E-3	1.09058E+0	-10.6281E-9
-616.667E-6	-179.291E-15	3.56069E-3	-10.2026E-3	1.09058E+0	-10.6281E-9
-625.000E-6	-201.569E-15	6.40523E-3	-9.64091E-3	1.09058E+0	-10.6281E-9
-633.333E-6	-148.875E-15	14.5717E-3	-12.1001E-3	1.09057E+0	-10.6281E-9
-641.667E-6	-214.386E-15	13.6258E-3	-6.26078E-3	1.09058E+0	-10.6281E-9
-650.000E-6	-271.962E-15	8.90645E-3	990.804E-6	1.09057E+0	-10.6281E-9
-658.333E-6	-272.573E-15	6.83350E-3	2.31567E-3	1.09057E+0	-10.6281E-9
-666.667E-6	-262.705E-15	9.98067E-3	-1.69739E-3	1.09058E+0	-10.6281E-9
-675.000E-6	-340.017E-15	9.67712E-3	-11.3622E-3	1.09058E+0	-10.6281E-9
-683.333E-6	-406.138E-15	12.4422E-3	-10.8832E-3	1.09059E+0	-10.6281E-9
-691.667E-6	-327.810E-15	12.3357E-3	2.60244E-3	1.09058E+0	-10.6281E-9
-700.000E-6	-342.967E-15	14.1359E-3	9.77977E-3	1.09059E+0	-10.6281E-9
-708.333E-6	-463.816E-15	13.4830E-3	-658.976E-6	1.09059E+0	-10.6281E-9
-716.667E-6	-522.817E-15	8.51674E-3	-6.52751E-3	1.09058E+0	-10.6281E-9
-725.000E-6	-477.549E-15	9.28212E-3	-13.6898E-3	1.09058E+0	-10.6281E-9
-733.333E-6	-506.846E-15	14.2324E-3	-10.1149E-3	1.09058E+0	-10.6281E-9
-741.667E-6	-558.624E-15	15.6059E-3	-2.29106E-3	1.09057E+0	-10.6281E-9
-750.000E-6	-489.756E-15	10.8344E-3	-2.69073E-3	1.09057E+0	-10.6281E-9
-758.333E-6	-501.658E-15	5.29083E-3	-10.3474E-3	1.09056E+0	-10.6281E-9
-766.667E-6	-462.290E-15	-9.65505E-3	-19.8224E-3	1.09058E+0	-10.6281E-9
-775.000E-6	-531.667E-15	-16.9047E-3	-20.8666E-3	1.09057E+0	-10.6281E-9
-783.333E-6	-507.863E-15	-16.6548E-3	-8.01646E-3	1.09059E+0	-10.6281E-9
-791.667E-6	-412.242E-15	-6.89484E-3	4.00960E-3	1.09058E+0	-10.6281E-9
-800.000E-6	-451.813E-15	1.80929E-3	-1.31653E-3	1.09058E+0	-10.6281E-9
-808.333E-6	-449.270E-15	1.10372E-3	-6.06812E-3	1.09057E+0	-10.6281E-9
-816.667E-6	-459.544E-15	-4.13411E-3	-8.60575E-3	1.09057E+0	-10.6281E-9
-825.000E-6	-374.603E-15	-4.16565E-3	-6.62486E-3	1.09057E+0	-10.6281E-9
-833.333E-6	-441.030E-15	1.37258E-3	-7.58789E-3	1.09056E+0	-10.6281E-9
-841.667E-6	-520.681E-15	7.52624E-3	-6.09304E-3	1.09057E+0	-10.6281E-9
-850.000E-6	-501.048E-15	5.58675E-3	-7.40946E-3	1.09058E+0	-10.6281E-9
-858.333E-6	-537.058E-15	-5.16479E-3	-9.23879E-3	1.09058E+0	-10.6281E-9
-866.667E-6	-607.351E-15	-426.432E-6	-8.98020E-3	1.09057E+0	-10.6281E-9
-875.000E-6	-677.032E-15	6.21847E-3	-4.89492E-3	1.09058E+0	-10.6281E-9
-883.333E-6	-669.708E-15	10.2169E-3	3.29529E-3	1.09058E+0	-10.6281E-9
-891.667E-6	-757.090E-15	12.6758E-3	3.50657E-3	1.09058E+0	-10.6281E-9
-900.000E-6	-947.113E-15	22.9600E-3	-3.33242E-3	1.09058E+0	-10.6281E-9
-908.333E-6	-1.02554E-12	26.8963E-3	-3.79466E-3	1.09058E+0	-10.6281E-9
-916.667E-6	-1.04945E-12	26.9320E-3	1.30961E-3	1.09058E+0	-10.6281E-9
-925.000E-6	-1.10245E-12	25.4709E-3	-4.61639E-3	1.09058E+0	-10.6281E-9
-933.333E-6	-1.24578E-12	16.4661E-3	-2.47793E-3	1.09057E+0	-10.6281E-9
-941.667E-6	-1.30966E-12	9.04765E-3	-1.58732E-3	1.09058E+0	-10.6281E-9
-950.000E-6	-1.32278E-12	9.17430E-3	1.64714E-3	1.09059E+0	-10.6281E-9
-958.333E-6	-1.39114E-12	14.2594E-3	5.50130E-3	1.09058E+0	-10.6281E-9
-966.667E-6	-1.60762E-12	11.5231E-3	9.13106E-3	1.09059E+0	-10.6281E-9
-975.000E-6	-1.65512E-12	10.2658E-3	9.58628E-3	1.09058E+0	-10.6281E-9
-983.333E-6	-1.67872E-12	11.2305E-3	6.08409E-3	1.09057E+0	-10.6281E-9
-991.667E-6	-1.93263E-12	23.6262E-3	2.65066E-3	1.09058E+0	-10.6281E-9
-1.00000E-3	-2.15062E-12	34.8597E-3	1.54643E-3	1.09057E+0	-10.6281E-9
-1.00833E-3	-2.26527E-12	44.3679E-3	6.18174E-3	1.09058E+0	-10.6281E-9
-1.01667E-3	-2.47391E-12	42.7776E-3	-86.8734E-6	1.09058E+0	-10.6281E-9
-1.02500E-3	-2.61225E-12	37.1935E-3	-6.85059E-3	1.09058E+0	-10.6281E-9
-1.03333E-3	-2.80034E-12	37.9581E-3	-8.21920E-3	1.09057E+0	-10.6281E-9
-1.04167E-3	-2.99047E-12	40.6273E-3	-2.84383E-3	1.09056E+0	-10.6281E-9
-1.05000E-3	-3.13746E-12	43.9437E-3	-8.61908E-3	1.09057E+0	-10.6281E-9
-1.05833E-3	-3.34732E-12	48.9706E-3	-11.7868E-3	1.09058E+0	-10.6281E-9
-1.06667E-3	-3.67437E-12	52.3064E-3	-9.48781E-3	1.09058E+0	-10.6281E-9
-1.07500E-3	-3.85391E-12	46.9130E-3	-8.08502E-3	1.09058E+0	-10.6281E-9
-1.08333E-3	-4.03122E-12	58.9994E-3	-9.34814E-3	1.09058E+0	-10.6281E-9
-1.09167E-3	-4.42296E-12	70.3009E-3	-8.69151E-3	1.09058E+0	-10.6281E-9
-1.10000E-3	-4.90280E-12	74.2507E-3	-5.73812E-3	1.09058E+0	-10.6281E-9
-1.10833E-3	-5.55456E-12	87.8708E-3	-5.80027E-3	1.09058E+0	-10.6281E-9
-1.11667E-3	-6.14151E-12	129.317E-3	-5.24139E-3	1.09058E+0	-10.6281E-9
-1.12500E-3	-7.16690E-12	186.581E-3	-10.6899E-3	1.09057E+0	-10.6281E-9
-1.13333E-3	-8.40459E-12	240.918E-3	-5.92194E-3	1.09058E+0	-10.6281E-9
-1.14167E-3	-9.50333E-12	287.337E-3	2.76805E-3	1.09056E+0	-10.6281E-9
-1.15000E-3	-10.5453E-12	329.510E-3	614.217E-6	1.09058E+0	-10.6281E-9
-1.15833E-3	-11.5909E-12	340.769E-3	-13.2025E-3	1.09058E+0	-10.6281E-9
-1.16667E-3	-12.2342E-12	302.208E-3	-14.5513E-3	1.09059E+0	-10.6281E-9
-1.17500E-3	-12.4785E-12	235.657E-3	-5.16378E-3	1.09059E+0	-10.6281E-9
-1.18333E-3	-12.5890E-12	157.671E-3	4.51375E-3	1.09058E+0	-10.6281E-9
-1.19167E-3	-12.5678E-12	89.0772E-3	-4.81832E-3	1.09058E+0	-10.6281E-9
-1.20000E-3	-12.3855E-12	23.6740E-3	-10.2155E-3	1.09059E+0	-10.6281E-9
-1.20833E-3	-12.1168E-12	-24.5526E-3	-583.903E-6	1.09058E+0	-10.6281E-9
-1.21667E-3	-11.9384E-12	-59.1381E-3	-1.44053E-3	1.09058E+0	-10.6281E-9
-1.22500E-3	-11.5985E-12	-79.4882E-3	-7.73153E-3	1.09059E+0	-10.6281E-9
-1.23333E-3	-11.2574E-12	-84.3700E-3	-12.9154E-3	1.09058E+0	-10.6281E-9
-1.24167E-3	-11.0691E-12	-83.5603E-3	-16.1628E-3	1.09058E+0	-10.6281E-9
-1.25000E-3	-10.8052E-12	-85.9558E-3	-19.7213E-3	1.09058E+0	-10.6281E-9
-1.25833E-3	-10.5971E-12	-79.4938E-3	-8.01025E-3	1.09059E+0	-10.6281E-9
-1.26667E-3	-10.3854E-12	-65.8043E-3	6.85181E-3	1.09058E+0	-10.6281E-9
-1.27500E-3	-10.4051E-12	-55.2671E-3	13.4182E-3	1.09058E+0	-10.6281E-9
-1.28333E-3	-10.3440E-12	-44.3422E-3	3.98122E-3	1.09060E+0	-10.6281E-9
-1.29167E-3	-10.2783E-12	-33.8223E-3	-780.843E-6	1.09060E+0	-10.6281E-9
-1.30000E-3	-10.3192E-12	-11.0405E-3	-491.231E-6	1.09059E+0	-10.6281E-9
-1.30833E-3	-10.5545E-12	9.72331E-3	-290.222E-6	1.09059E+0	-10.6281E-9
-1.31667E-3	-10.7257E-12	27.8951E-3	1.49343E-3	1.09059E+0	-10.6281E-9
-1.32500E-3	-11.1552E-12	40.4272E-3	4.66136E-3	1.09060E+0	-10.6281E-9
-1.33333E-3	-11.4631E-12	61.5916E-3	3.02297E-3	1.09059E+0	-10.6281E-9
-1.34167E-3	-11.8591E-12	87.8321E-3	-6.25651E-3	1.09058E+0	-10.6281E-9
-1.35000E-3	-12.6102E-12	116.293E-3	-2.84251E-3	1.09057E+0	-10.6281E-9
-1.35833E-3	-13.4654E-12	145.810E-3	962.016E-6	1.09059E+0	-10.6281E-9
-1.36667E-3	-14.3392E-12	181.427E-3	7.13043E-3	1.09059E+0	-10.6281E-9
-1.37500E-3	-15.5641E-12	227.058E-3	5.90118E-3	1.09059E+0	-10.6281E-9
-1.38333E-3	-17.6427E-12	284.153E-3	-1.99849E-3	1.09059E+0	-10.6281E-9
-1.39167E-3	-20.3565E-12	370.773E-3	-11.0837E-3	1.09058E+0	-10.6281E-9
-1.40000E-3	-23.5511E-12	508.316E-3	-5.71991E-3	1.09059E+0	-10.6281E-9
-1.40833E-3	-27.5376E-12	719.548E-3	-8.38898E-3	1.09059E+0	-10.6281E-9
-1.41667E-3	-34.1512E-12	986.578E-3	-28.4901E-3	1.09059E+0	-10.6281E-9
-1.42500E-3	-41.9195E-12	1.30581E+0	-23.3982E-3	1.09059E+0	-10.6281E-9
-1.43333E-3	-48.1906E-12	1.67853E+0	-1.06903E-3	1.09059E+0	-10.6281E-9
-1.44167E-3	-55.6941E-12	2.02362E+0	-12.2874E-3	1.09059E+0	-10.6281E-9
-1.45000E-3	-64.5108E-12	2.18616E+0	-45.8455E-3	1.09058E+0	-10.6281E-9
-1.45833E-3	-70.4043E-12	2.11293E+0	-36.9173E-3	1.09058E+0	-10.6281E-9
-1.46667E-3	-73.9418E-12	1.86068E+0	2.17397E-3	1.09059E+0	-10.6281E-9
-1.47500E-3	-77.3770E-12	1.48178E+0	9.01917E-3	1.09059E+0	-10.6281E-9
-1.48333E-3	-79.5809E-12	1.03727E+0	-4.50124E-3	1.09058E+0	-10.6281E-9
-1.49167E-3	-81.5862E-12	661.608E-3	-5.00102E-3	1.09059E+0	-10.6281E-9
-1.50000E-3	-82.8321E-12	460.969E-3	1.74978E-3	1.09058E+0	-10.6281E-9
-1.50833E-3	-84.6506E-12	428.601E-3	-2.05556E-3	1.09058E+0	-10.6281E-9
-1.51667E-3	-86.5579E-12	481.636E-3	-11.8825E-3	1.09058E+0	-10.6281E-9
-1.52500E-3	-87.7388E-12	544.304E-3	-8.89170E-3	1.09058E+0	-10.6281E-9
-1.53333E-3	-88.8366E-12	539.617E-3	-1.34664E-3	1.09058E+0	-10.6281E-9
-1.54167E-3	-90.0227E-12	447.028E-3	848.389E-6	1.09058E+0	-10.6281E-9
-1.55000E-3	-90.5996E-12	298.090E-3	-2.63407E-3	1.09058E+0	-10.6281E-9
-1.55833E-3	-90.2455E-12	169.898E-3	2.80660E-3	1.09059E+0	-10.6281E-9
-1.56667E-3	-90.8991E-12	130.602E-3	-3.83809E-3	1.09060E+0	-10.6281E-9
-1.57500E-3	-92.6832E-12	164.078E-3	-9.83978E-3	1.09059E+0	-10.6281E-9
-1.58333E-3	-93.6441E-12	234.590E-3	-10.0347E-3	1.09058E+0	-10.6281E-9
-1.59167E-3	-94.6473E-12	307.106E-3	-6.35417E-3	1.09058E+0	-10.6281E-9
-1.60000E-3	-95.6577E-12	339.470E-3	-7.66459E-3	1.09058E+0	-10.6281E-9
-1.60833E-3	-96.2214E-12	281.568E-3	-11.1145E-3	1.09058E+0	-10.6281E-9
-1.61667E-3	-95.9864E-12	185.427E-3	2.78147E-3	1.09058E+0	-10.6281E-9
-1.62500E-3	-96.6126E-12	87.8868E-3	17.1253E-3	1.09058E+0	-10.6281E-9
-1.63333E-3	-96.3193E-12	-12.3019E-3	11.4008E-3	1.09059E+0	-10.6281E-9
-1.64167E-3	-95.6936E-12	-113.513E-3	354.614E-6	1.09059E+0	-10.6281E-9
-1.65000E-3	-94.9852E-12	-180.877E-3	4.47205E-3	1.09059E+0	-10.6281E-9
-1.65833E-3	-94.6932E-12	-186.357E-3	-3.85681E-3	1.09059E+0	-10.6281E-9
-1.66667E-3	-94.9242E-12	-134.142E-3	-13.5178E-3	1.09059E+0	-10.6281E-9
-1.67500E-3	-95.0284E-12	-40.7035E-3	-19.2021E-3	1.09059E+0	-10.6281E-9
-1.68333E-3	-95.0302E-12	60.3513E-3	-12.5301E-3	1.09058E+0	-10.6281E-9
-1.69167E-3	-95.7741E-12	145.631E-3	-12.6416E-3	1.09058E+0	-10.6281E-9
-1.70000E-3	-96.5221E-12	191.631E-3	-18.0487E-3	1.09058E+0	-10.6281E-9
-1.70833E-3	-96.4676E-12	185.332E-3	-8.49345E-3	1.09059E+0	-10.6281E-9
-1.71667E-3	-95.9731E-12	114.621E-3	6.21307E-3	1.09057E+0	-10.6281E-9
-1.72500E-3	-95.0240E-12	-4.04338E-3	10.0612E-3	1.09058E+0	-10.6281E-9
-1.73333E-3	-93.7473E-12	-146.459E-3	265.808E-6	1.09059E+0	-10.6281E-9
-1.74167E-3	-92.0186E-12	-267.143E-3	-1.54846E-3	1.09059E+0	-10.6281E-9
-1.75000E-3	-90.6776E-12	-372.915E-3	3.05674E-3	1.09058E+0	-10.6281E-9
-1.75833E-3	-89.1483E-12	-443.480E-3	16.9838E-3	1.09058E+0	-10.6281E-9
-1.76667E-3	-87.7727E-12	-446.724E-3	16.7159E-3	1.09058E+0	-10.6281E-9
-1.77500E-3	-86.7208E-12	-419.190E-3	8.88550E-3	1.09060E+0	-10.6281E-9
-1.78333E-3	-85.9775E-12	-381.177E-3	9.44031E-3	1.09058E+0	-10.6281E-9
-1.79167E-3	-85.1307E-12	-316.400E-3	13.0455E-3	1.09058E+0	-10.6281E-9
-1.80000E-3	-85.5047E-12	-202.112E-3	6.71967E-3	1.09059E+0	-10.6281E-9
-1.80833E-3	-86.9475E-12	-66.6256E-3	-9.09353E-3	1.09057E+0	-10.6281E-9
-1.81667E-3	-88.9691E-12	95.1465E-3	-12.7658E-3	1.09058E+0	-10.6281E-9
-1.82500E-3	-92.8664E-12	337.122E-3	-7.86092E-3	1.09059E+0	-10.6281E-9
-1.83333E-3	-98.8492E-12	688.574E-3	-17.0613E-3	1.09058E+0	-10.6281E-9
-1.84167E-3	-107.075E-12	1.15704E+0	-26.2124E-3	1.09058E+0	-10.6281E-9
-1.85000E-3	-117.130E-12	1.75732E+0	-31.6339E-3	1.09058E+0	-10.6281E-9
-1.85833E-3	-129.801E-12	2.42751E+0	-69.9451E-3	1.09058E+0	-10.6281E-9
-1.86667E-3	-144.104E-12	2.99933E+0	-87.6641E-3	1.09058E+0	-10.6281E-9
-1.87500E-3	-154.658E-12	3.37278E+0	-21.2023E-3	1.09059E+0	-10.6281E-9
-1.88333E-3	-164.928E-12	3.57231E+0	14.2575E-3	1.09059E+0	-10.6281E-9
-1.89167E-3	-177.445E-12	3.51228E+0	-61.4207E-3	1.09059E+0	-10.6281E-9
-1.90000E-3	-187.317E-12	3.17773E+0	-100.638E-3	1.09060E+0	-10.6281E-9
-1.90833E-3	-193.113E-12	2.74431E+0	-54.1382E-3	1.09059E+0	-10.6281E-9
-1.91667E-3	-198.526E-12	2.32989E+0	-12.6134E-3	1.09058E+0	-10.6281E-9
-1.92500E-3	-204.773E-12	1.92024E+0	-47.9985E-3	1.09059E+0	-10.6281E-9
-1.93333E-3	-208.720E-12	1.51316E+0	-62.5197E-3	1.09058E+0	-10.6281E-9
-1.94167E-3	-211.321E-12	1.19852E+0	-33.7702E-3	1.09058E+0	-10.6281E-9
-1.95000E-3	-214.020E-12	975.456E-3	-10.2492E-3	1.09057E+0	-10.6281E-9
-1.95833E-3	-217.130E-12	825.244E-3	5.74219E-3	1.09058E+0	-10.6281E-9
-1.96667E-3	-218.633E-12	702.231E-3	11.3121E-3	1.09057E+0	-10.6281E-9
-1.97500E-3	-220.521E-12	618.081E-3	3.41787E-3	1.09057E+0	-10.6281E-9
-1.98333E-3	-222.948E-12	532.240E-3	-6.82821E-3	1.09058E+0	-10.6281E-9
-1.99167E-3	-224.937E-12	482.130E-3	14.3917E-3	1.09059E+0	-10.6281E-9
-2.00000E-3	-226.635E-12	485.458E-3	11.8481E-3	1.09057E+0	-10.6281E-9
-2.00833E-3	-228.074E-12	491.545E-3	7.54008E-3	1.09058E+0	-10.6281E-9
-2.01667E-3	-230.076E-12	474.428E-3	82.6009E-6	1.09057E+0	-10.6281E-9
-2.02500E-3	-231.953E-12	449.959E-3	4.37022E-3	1.09058E+0	-10.6281E-9
-2.03333E-3	-232.506E-12	451.581E-3	-16.5961E-3	1.09058E+0	-10.6281E-9
-2.04167E-3	-233.534E-12	451.706E-3	-33.5911E-3	1.09058E+0	-10.6281E-9
-2.05000E-3	-236.702E-12	471.575E-3	-22.1739E-3	1.09057E+0	-10.6281E-9
-2.05833E-3	-239.071E-12	493.309E-3	9.20461E-3	1.09057E+0	-10.6281E-9
-2.06667E-3	-240.520E-12	534.498E-3	17.7584E-3	1.09057E+0	-10.6281E-9
-2.07500E-3	-241.813E-12	542.008E-3	-6.29700E-3	1.09059E+0	-10.6281E-9
-2.08333E-3	-244.338E-12	544.156E-3	-8.69843E-3	1.09058E+0	-10.6281E-9
-2.09167E-3	-246.122E-12	559.159E-3	4.16962E-3	1.09058E+0	-10.6281E-9
-2.10000E-3	-249.005E-12	599.971E-3	14.4721E-3	1.09059E+0	-10.6281E-9
-2.10833E-3	-251.120E-12	637.297E-3	-17.8535E-3	1.09058E+0	-10.6281E-9
-2.11667E-3	-254.043E-12	644.271E-3	-37.3101E-3	1.09058E+0	-10.6281E-9
-2.12500E-3	-256.374E-12	632.991E-3	-28.6880E-3	1.09059E+0	-10.6281E-9
-2.13333E-3	-259.519E-12	655.560E-3	10.7932E-3	1.09057E+0	-10.6281E-9
-2.14167E-3	-264.170E-12	710.602E-3	-40.5889E-6	1.09058E+0	-10.6281E-9
-2.15000E-3	-267.321E-12	726.563E-3	-28.5170E-3	1.09058E+0	-10.6281E-9
-2.15833E-3	-270.234E-12	743.206E-3	-32.2785E-3	1.09058E+0	-10.6281E-9
-2.16667E-3	-272.074E-12	775.867E-3	-21.4426E-3	1.09059E+0	-10.6281E-9
-2.17500E-3	-274.046E-12	837.875E-3	-36.7956E-3	1.09059E+0	-10.6281E-9
-2.18333E-3	-276.739E-12	847.694E-3	-46.6120E-3	1.09058E+0	-10.6281E-9
-2.19167E-3	-280.354E-12	858.356E-3	-6.83695E-3	1.09059E+0	-10.6281E-9
-2.20000E-3	-284.463E-12	890.646E-3	7.92714E-3	1.09058E+0	-10.6281E-9
-2.20833E-3	-289.242E-12	911.436E-3	-20.8515E-3	1.09058E+0	-10.6281E-9
-2.21667E-3	-291.044E-12	901.578E-3	-30.9336E-3	1.09057E+0	-10.6281E-9
-2.22500E-3	-293.101E-12	931.322E-3	31.8460E-3	1.09058E+0	-10.6281E-9
-2.23333E-3	-296.154E-12	995.840E-3	39.3159E-3	1.09058E+0	-10.6281E-9
-2.24167E-3	-302.367E-12	1.01062E+0	-17.2588E-3	1.09058E+0	-10.6281E-9
-2.25000E-3	-308.127E-12	995.867E-3	-61.9275E-3	1.09059E+0	-10.6281E-9
-2.25833E-3	-312.049E-12	1.04262E+0	-23.8064E-3	1.09058E+0	-10.6281E-9
-2.26667E-3	-315.857E-12	1.13625E+0	-16.2343E-3	1.09059E+0	-10.6281E-9
-2.27500E-3	-319.585E-12	1.13889E+0	-56.5462E-3	1.09057E+0	-10.6281E-9
-2.28333E-3	-323.517E-12	1.11909E+0	-76.2025E-3	1.09059E+0	-10.6281E-9
-2.29167E-3	-328.936E-12	1.11436E+0	-49.7790E-3	1.09059E+0	-10.6281E-9
-2.30000E-3	-334.218E-12	1.13816E+0	-17.2399E-3	1.09058E+0	-10.6281E-9
-2.30833E-3	-338.275E-12	1.09379E+0	-10.9885E-3	1.09058E+0	-10.6281E-9
-2.31667E-3	-341.467E-12	1.01789E+0	14.5980E-3	1.09059E+0	-10.6281E-9
-2.32500E-3	-343.744E-12	961.484E-3	9.91435E-3	1.09058E+0	-10.6281E-9
-2.33333E-3	-347.886E-12	906.222E-3	-19.0987E-3	1.09059E+0	-10.6281E-9
-2.34167E-3	-349.737E-12	797.013E-3	-40.2942E-3	1.09059E+0	-10.6281E-9
-2.35000E-3	-350.442E-12	692.625E-3	-3.72915E-3	1.09058E+0	-10.6281E-9
-2.35833E-3	-351.468E-12	632.455E-3	-6.65772E-3	1.09058E+0	-10.6281E-9
-2.36667E-3	-353.936E-12	568.811E-3	-14.0049E-3	1.09059E+0	-10.6281E-9
-2.37500E-3	-354.526E-12	538.321E-3	-15.6099E-3	1.09058E+0	-10.6281E-9
-2.38333E-3	-354.968E-12	504.491E-3	9.62016E-3	1.09059E+0	-10.6281E-9
-2.39167E-3	-354.879E-12	473.545E-3	30.4025E-3	1.09058E+0	-10.6281E-9
-2.40000E-3	-357.043E-12	410.273E-3	24.4941E-3	1.09059E+0	-10.6281E-9
-2.40833E-3	-359.193E-12	385.456E-3	10.4916E-3	1.09058E+0	-10.6281E-9
-2.41667E-3	-361.421E-12	379.630E-3	2.17946E-3	1.09058E+0	-10.6281E-9
-2.42500E-3	-361.460E-12	394.800E-3	2.22056E-3	1.09059E+0	-10.6281E-9
-2.43333E-3	-361.196E-12	375.377E-3	-35.0075E-3	1.09058E+0	-10.6281E-9
-2.44167E-3	-365.097E-12	347.114E-3	-14.6849E-3	1.09058E+0	-10.6281E-9
-2.45000E-3	-369.455E-12	329.129E-3	22.4709E-3	1.09057E+0	-10.6281E-9
-2.45833E-3	-370.645E-12	293.479E-3	33.3968E-3	1.09058E+0	-10.6281E-9
-2.46667E-3	-371.813E-12	263.575E-3	6.53097E-3	1.09059E+0	-10.6281E-9
-2.47500E-3	-372.602E-12	264.200E-3	4.08040E-3	1.09059E+0	-10.6281E-9
-2.48333E-3	-373.920E-12	293.465E-3	-13.9125E-3	1.09057E+0	-10.6281E-9
-2.49167E-3	-375.957E-12	283.349E-3	-34.8001E-3	1.09058E+0	-10.6281E-9
-2.50000E-3	-377.989E-12	275.343E-3	-51.2461E-3	1.09060E+0	-10.6281E-9
-2.50833E-3	-378.488E-12	274.309E-3	-45.3510E-3	1.09058E+0	-10.6281E-9
-2.51667E-3	-379.468E-12	312.581E-3	-19.7181E-3	1.09058E+0	-10.6281E-9
-2.52500E-3	-380.295E-12	317.349E-3	-7.63255E-3	1.09059E+0	-10.6281E-9
-2.53333E-3	-381.766E-12	310.459E-3	-3.89933E-3	1.09059E+0	-10.6281E-9
-2.54167E-3	-381.612E-12	304.340E-3	-14.8214E-3	1.09059E+0	-10.6281E-9
-2.55000E-3	-381.820E-12	309.662E-3	2.65076E-3	1.09058E+0	-10.6281E-9
-2.55833E-3	-381.809E-12	290.192E-3	-1.94885E-3	1.09058E+0	-10.6281E-9
-2.56667E-3	-383.486E-12	274.887E-3	-12.4007E-3	1.09059E+0	-10.6281E-9
-2.57500E-3	-383.959E-12	283.047E-3	-31.2556E-3	1.09059E+0	-10.6281E-9
-2.58333E-3	-385.773E-12	254.964E-3	-15.8735E-3	1.09057E+0	-10.6281E-9
-2.59167E-3	-386.867E-12	231.194E-3	-16.2518E-3	1.09058E+0	-10.6281E-9
-2.60000E-3	-388.176E-12	237.666E-3	-16.0393E-3	1.09058E+0	-10.6281E-9
-2.60833E-3	-387.969E-12	294.292E-3	-6.09823E-3	1.09059E+0	-10.6281E-9
-2.61667E-3	-389.446E-12	318.495E-3	11.8386E-3	1.09058E+0	-10.6281E-9
-2.62500E-3	-391.035E-12	320.238E-3	15.7536E-3	1.09058E+0	-10.6281E-9
-2.63333E-3	-391.343E-12	306.902E-3	629.680E-6	1.09058E+0	-10.6281E-9
-2.64167E-3	-391.667E-12	312.514E-3	-7.04132E-3	1.09058E+0	-10.6281E-9
-2.65000E-3	-392.501E-12	275.398E-3	-12.8531E-3	1.09058E+0	-10.6281E-9
-2.65833E-3	-394.334E-12	240.316E-3	27.2844E-3	1.09058E+0	-10.6281E-9
-2.66667E-3	-396.957E-12	254.379E-3	30.6738E-3	1.09058E+0	-10.6281E-9
-2.67500E-3	-396.572E-12	259.178E-3	-223.186E-6	1.09057E+0	-10.6281E-9
-2.68333E-3	-396.429E-12	234.802E-3	-19.0314E-3	1.09058E+0	-10.6281E-9
-2.69167E-3	-394.873E-12	235.130E-3	11.1666E-3	1.09058E+0	-10.6281E-9
-2.70000E-3	-396.183E-12	242.115E-3	-15.6346E-3	1.09058E+0	-10.6281E-9
-2.70833E-3	-396.719E-12	201.866E-3	-67.0064E-3	1.09058E+0	-10.6281E-9
-2.71667E-3	-397.109E-12	172.255E-3	-61.9256E-3	1.09058E+0	-10.6281E-9
-2.72500E-3	-398.201E-12	175.071E-3	-13.8148E-3	1.09058E+0	-10.6281E-9
-2.73333E-3	-398.612E-12	210.916E-3	-8.34249E-3	1.09058E+0	-10.6281E-9
-2.74167E-3	-399.489E-12	171.062E-3	-37.3268E-3	1.09059E+0	-10.6281E-9
-2.75000E-3	-399.765E-12	146.013E-3	-26.8488E-3	1.09060E+0	-10.6281E-9
-2.75833E-3	-398.421E-12	180.226E-3	-17.5341E-3	1.09059E+0	-10.6281E-9
-2.76667E-3	-397.037E-12	196.181E-3	-37.5758E-3	1.09057E+0	-10.6281E-9
-2.77500E-3	-397.747E-12	148.603E-3	-57.4836E-3	1.09058E+0	-10.6281E-9
-2.78333E-3	-400.346E-12	154.812E-3	4.56930E-3	1.09058E+0	-10.6281E-9
-2.79167E-3	-401.233E-12	232.635E-3	24.6648E-3	1.09058E+0	-10.6281E-9
-2.80000E-3	-401.208E-12	215.867E-3	-33.6753E-3	1.09058E+0	-10.6281E-9
-2.80833E-3	-402.221E-12	125.021E-3	-63.5828E-3	1.09058E+0	-10.6281E-9
-2.81667E-3	-405.503E-12	147.039E-3	-18.9759E-3	1.09059E+0	-10.6281E-9
-2.82500E-3	-406.484E-12	236.322E-3	-45.2581E-3	1.09057E+0	-10.6281E-9
-2.83333E-3	-407.107E-12	205.820E-3	-81.0156E-3	1.09057E+0	-10.6281E-9
-2.84167E-3	-409.081E-12	178.277E-3	-9.50785E-3	1.09057E+0	-10.6281E-9
-2.85000E-3	-410.780E-12	206.486E-3	38.5506E-3	1.09057E+0	-10.6281E-9
-2.85833E-3	-413.981E-12	229.384E-3	10.1766E-3	1.09058E+0	-10.6281E-9
-2.86667E-3	-416.369E-12	197.247E-3	18.7759E-3	1.09059E+0	-10.6281E-9
-2.87500E-3	-417.386E-12	205.311E-3	51.7946E-3	1.09058E+0	-10.6281E-9
-2.88333E-3	-417.398E-12	251.903E-3	10.3790E-3	1.09058E+0	-10.6281E-9
-2.89167E-3	-417.707E-12	250.482E-3	-25.3514E-3	1.09059E+0	-10.6281E-9
-2.90000E-3	-418.066E-12	239.659E-3	-7.95308E-3	1.09058E+0	-10.6281E-9
-2.90833E-3	-417.466E-12	288.643E-3	32.5730E-3	1.09059E+0	-10.6281E-9
-2.91667E-3	-417.239E-12	313.727E-3	-12.2055E-3	1.09058E+0	-10.6281E-9
-2.92500E-3	-418.247E-12	280.659E-3	-35.0053E-3	1.09058E+0	-10.6281E-9
-2.93333E-3	-419.781E-12	308.790E-3	432.231E-6	1.09058E+0	-10.6281E-9
-2.94167E-3	-420.614E-12	331.393E-3	16.7320E-3	1.09058E+0	-10.6281E-9
-2.95000E-3	-421.651E-12	283.330E-3	19.7123E-3	1.09058E+0	-10.6281E-9
-2.95833E-3	-422.346E-12	243.350E-3	38.4331E-3	1.09058E+0	-10.6281E-9
-2.96667E-3	-425.397E-12	333.059E-3	31.4755E-3	1.09059E+0	-10.6281E-9
-2.97500E-3	-427.652E-12	393.459E-3	-17.8369E-3	1.09057E+0	-10.6281E-9
-2.98333E-3	-429.365E-12	350.960E-3	-39.9781E-3	1.09058E+0	-10.6281E-9
-2.99167E-3	-430.076E-12	302.417E-3	-29.7617E-3	1.09057E+0	-10.6281E-9
-3.00000E-3	-433.432E-12	317.702E-3	-10.3240E-3	1.09058E+0	-10.6281E-9
-3.00833E-3	-435.508E-12	332.124E-3	-37.7078E-3	1.09057E+0	-10.6281E-9
-3.01667E-3	-435.218E-12	316.476E-3	-35.6908E-3	1.09058E+0	-10.6281E-9
-3.02500E-3	-435.160E-12	333.084E-3	-8.15755E-3	1.09058E+0	-10.6281E-9
-3.03333E-3	-437.802E-12	334.354E-3	-2.13674E-3	1.09058E+0	-10.6281E-9
-3.04167E-3	-441.555E-12	315.436E-3	-39.7780E-3	1.09058E+0	-10.6281E-9
-3.05000E-3	-442.461E-12	313.944E-3	-50.8375E-3	1.09058E+0	-10.6281E-9
-3.05833E-3	-441.229E-12	355.852E-3	-26.6781E-3	1.09058E+0	-10.6281E-9
-3.06667E-3	-442.263E-12	388.651E-3	-42.8274E-3	1.09057E+0	-10.6281E-9
-3.07500E-3	-444.356E-12	351.226E-3	-78.7619E-3	1.09058E+0	-10.6281E-9
-3.08333E-3	-444.219E-12	283.674E-3	-31.2377E-3	1.09057E+0	-10.6281E-9
-3.09167E-3	-444.326E-12	336.810E-3	31.1571E-3	1.09058E+0	-10.6281E-9
-3.10000E-3	-444.753E-12	392.657E-3	-21.6095E-3	1.09058E+0	-10.6281E-9
-3.10833E-3	-446.640E-12	384.628E-3	-55.0077E-3	1.09058E+0	-10.6281E-9
-3.11667E-3	-447.469E-12	351.686E-3	-32.3050E-3	1.09058E+0	-10.6281E-9
-3.12500E-3	-447.433E-12	335.557E-3	-21.8605E-3	1.09058E+0	-10.6281E-9
-3.13333E-3	-449.298E-12	346.150E-3	-42.2148E-3	1.09058E+0	-10.6281E-9
-3.14167E-3	-451.454E-12	342.772E-3	-14.8998E-3	1.09058E+0	-10.6281E-9
-3.15000E-3	-451.450E-12	383.353E-3	21.1485E-3	1.09058E+0	-10.6281E-9
-3.15833E-3	-452.210E-12	433.194E-3	-2.54374E-3	1.09059E+0	-10.6281E-9
-3.16667E-3	-454.976E-12	404.765E-3	-77.0858E-3	1.09058E+0	-10.6281E-9
-3.17500E-3	-456.558E-12	310.566E-3	-70.4629E-3	1.09059E+0	-10.6281E-9
-3.18333E-3	-455.483E-12	318.083E-3	17.4784E-3	1.09059E+0	-10.6281E-9
-3.19167E-3	-456.707E-12	381.428E-3	12.5472E-3	1.09060E+0	-10.6281E-9
-3.20000E-3	-458.854E-12	350.145E-3	-55.7909E-3	1.09059E+0	-10.6281E-9
-3.20833E-3	-461.132E-12	281.692E-3	-44.0741E-3	1.09059E+0	-10.6281E-9
-3.21667E-3	-461.725E-12	322.024E-3	13.8543E-3	1.09059E+0	-10.6281E-9
-3.22500E-3	-462.395E-12	332.733E-3	6.44318E-3	1.09059E+0	-10.6281E-9
-3.23333E-3	-462.872E-12	263.907E-3	8.64604E-3	1.09058E+0	-10.6281E-9
-3.24167E-3	-465.034E-12	263.013E-3	7.19961E-3	1.09059E+0	-10.6281E-9
-3.25000E-3	-466.022E-12	309.165E-3	-24.6642E-3	1.09058E+0	-10.6281E-9
-3.25833E-3	-466.072E-12	308.556E-3	-46.9493E-3	1.09059E+0	-10.6281E-9
-3.26667E-3	-467.342E-12	254.011E-3	-11.7005E-3	1.09059E+0	-10.6281E-9
-3.27500E-3	-469.560E-12	235.623E-3	22.5308E-3	1.09058E+0	-10.6281E-9
-3.28333E-3	-471.756E-12	264.163E-3	7.46704E-3	1.09058E+0	-10.6281E-9
-3.29167E-3	-474.013E-12	314.422E-3	-27.8218E-3	1.09059E+0	-10.6281E-9
-3.30000E-3	-475.692E-12	323.465E-3	-20.1371E-3	1.09059E+0	-10.6281E-9
-3.30833E-3	-475.076E-12	337.093E-3	-10.5011E-3	1.09059E+0	-10.6281E-9
-3.31667E-3	-475.144E-12	340.227E-3	-15.8015E-3	1.09057E+0	-10.6281E-9
-3.32500E-3	-478.533E-12	315.889E-3	18.9995E-3	1.09057E+0	-10.6281E-9
-3.33333E-3	-481.820E-12	307.839E-3	29.0715E-3	1.09058E+0	-10.6281E-9
-3.34167E-3	-481.191E-12	328.806E-3	7.45972E-3	1.09058E+0	-10.6281E-9
-3.35000E-3	-482.433E-12	325.760E-3	-26.6041E-3	1.09058E+0	-10.6281E-9
-3.35833E-3	-484.933E-12	287.792E-3	-19.2982E-3	1.09059E+0	-10.6281E-9
-3.36667E-3	-483.799E-12	279.499E-3	-9.95026E-3	1.09058E+0	-10.6281E-9
-3.37500E-3	-485.032E-12	310.076E-3	-16.5680E-3	1.09059E+0	-10.6281E-9
-3.38333E-3	-486.622E-12	355.624E-3	-45.4018E-3	1.09059E+0	-10.6281E-9
-3.39167E-3	-490.887E-12	381.517E-3	-40.7739E-3	1.09059E+0	-10.6281E-9
-3.40000E-3	-491.088E-12	400.905E-3	-22.3287E-3	1.09059E+0	-10.6281E-9
-3.40833E-3	-493.506E-12	391.473E-3	-43.1158E-3	1.09059E+0	-10.6281E-9
-3.41667E-3	-492.960E-12	369.878E-3	-54.7619E-3	1.09059E+0	-10.6281E-9
-3.42500E-3	-492.100E-12	326.093E-3	-56.1849E-3	1.09059E+0	-10.6281E-9
-3.43333E-3	-491.278E-12	275.701E-3	-26.3127E-3	1.09059E+0	-10.6281E-9
-3.44167E-3	-493.992E-12	222.310E-3	24.8704E-3	1.09059E+0	-10.6281E-9
-3.45000E-3	-495.544E-12	215.265E-3	40.7808E-3	1.09059E+0	-10.6281E-9
-3.45833E-3	-497.101E-12	229.184E-3	-19.9628E-3	1.09060E+0	-10.6281E-9
-3.46667E-3	-496.568E-12	210.080E-3	-39.1057E-3	1.09059E+0	-10.6281E-9
-3.47500E-3	-497.162E-12	235.162E-3	15.5402E-3	1.09058E+0	-10.6281E-9
-3.48333E-3	-498.321E-12	299.721E-3	30.6388E-3	1.09058E+0	-10.6281E-9
-3.49167E-3	-500.216E-12	277.565E-3	-45.6532E-3	1.09058E+0	-10.6281E-9
-3.50000E-3	-502.289E-12	194.576E-3	-75.7513E-3	1.09059E+0	-10.6281E-9
-3.50833E-3	-502.883E-12	212.551E-3	-44.7369E-3	1.09059E+0	-10.6281E-9
-3.51667E-3	-504.756E-12	260.772E-3	-27.3536E-3	1.09060E+0	-10.6281E-9
-3.52500E-3	-506.650E-12	284.789E-3	-8.73952E-3	1.09059E+0	-10.6281E-9
-3.53333E-3	-507.825E-12	291.309E-3	10.2926E-3	1.09059E+0	-10.6281E-9
-3.54167E-3	-509.981E-12	293.577E-3	25.7674E-3	1.09059E+0	-10.6281E-9
-3.55000E-3	-513.375E-12	280.809E-3	22.7394E-3	1.09059E+0	-10.6281E-9
-3.55833E-3	-514.606E-12	264.335E-3	11.1106E-3	1.09059E+0	-10.6281E-9
-3.56667E-3	-516.180E-12	260.842E-3	-10.0243E-3	1.09059E+0	-10.6281E-9
-3.57500E-3	-517.017E-12	269.511E-3	-38.9441E-3	1.09059E+0	-10.6281E-9
-3.58333E-3	-517.379E-12	267.016E-3	-57.7054E-3	1.09059E+0	-10.6281E-9
-3.59167E-3	-519.724E-12	276.410E-3	-8.99882E-3	1.09058E+0	-10.6281E-9
-3.60000E-3	-518.417E-12	329.756E-3	-12.9577E-3	1.09060E+0	-10.6281E-9
-3.60833E-3	-519.231E-12	301.573E-3	-76.3756E-3	1.09059E+0	-10.6281E-9
-3.61667E-3	-519.927E-12	217.646E-3	-80.0784E-3	1.09060E+0	-10.6281E-9
-3.62500E-3	-519.520E-12	213.569E-3	-23.3529E-3	1.09059E+0	-10.6281E-9
-3.63333E-3	-520.588E-12	280.435E-3	35.1797E-3	1.09059E+0	-10.6281E-9
-3.64167E-3	-522.267E-12	283.850E-3	47.5104E-3	1.09059E+0	-10.6281E-9
-3.65000E-3	-521.893E-12	247.488E-3	14.3361E-3	1.09059E+0	-10.6281E-9
-3.65833E-3	-523.027E-12	234.937E-3	-38.2533E-3	1.09058E+0	-10.6281E-9
-3.66667E-3	-523.554E-12	250.903E-3	-35.3171E-3	1.09059E+0	-10.6281E-9
-3.67500E-3	-523.512E-12	261.382E-3	-14.6504E-3	1.09059E+0	-10.6281E-9
-3.68333E-3	-525.501E-12	275.184E-3	-32.9282E-3	1.09059E+0	-10.6281E-9
-3.69167E-3	-524.440E-12	290.264E-3	-88.4982E-3	1.09059E+0	-10.6281E-9
-3.70000E-3	-525.261E-12	268.658E-3	-90.2063E-3	1.09059E+0	-10.6281E-9
-3.70833E-3	-526.084E-12	243.394E-3	-38.7433E-3	1.09059E+0	-10.6281E-9
-3.71667E-3	-529.081E-12	261.718E-3	-11.6979E-3	1.09060E+0	-10.6281E-9
-3.72500E-3	-531.583E-12	279.456E-3	-56.2245E-3	1.09059E+0	-10.6281E-9
-3.73333E-3	-531.744E-12	239.469E-3	-79.8480E-3	1.09059E+0	-10.6281E-9
-3.74167E-3	-532.069E-12	232.289E-3	-32.2493E-3	1.09059E+0	-10.6281E-9
-3.75000E-3	-530.985E-12	248.673E-3	-2.85400E-3	1.09058E+0	-10.6281E-9
-3.75833E-3	-532.269E-12	236.094E-3	-10.2343E-3	1.09058E+0	-10.6281E-9
-3.76667E-3	-534.847E-12	163.798E-3	-4.63196E-3	1.09058E+0	-10.6281E-9
-3.77500E-3	-536.090E-12	157.898E-3	43.7814E-3	1.09058E+0	-10.6281E-9
-3.78333E-3	-535.777E-12	256.150E-3	51.2662E-3	1.09059E+0	-10.6281E-9
-3.79167E-3	-536.039E-12	296.674E-3	47.5621E-3	1.09059E+0	-10.6281E-9
-3.80000E-3	-537.555E-12	276.063E-3	87.4433E-3	1.09059E+0	-10.6281E-9
-3.80833E-3	-539.627E-12	299.152E-3	96.1507E-3	1.09058E+0	-10.6281E-9
-3.81667E-3	-540.235E-12	300.169E-3	20.2809E-3	1.09058E+0	-10.6281E-9
-3.82500E-3	-539.042E-12	242.166E-3	-40.7645E-3	1.09059E+0	-10.6281E-9
-3.83333E-3	-541.181E-12	257.763E-3	-56.1334E-3	1.09058E+0	-10.6281E-9
-3.84167E-3	-540.875E-12	325.359E-3	-69.3510E-3	1.09058E+0	-10.6281E-9
-3.85000E-3	-541.752E-12	334.098E-3	-44.9971E-3	1.09058E+0	-10.6281E-9
-3.85833E-3	-544.722E-12	290.221E-3	17.8589E-3	1.09058E+0	-10.6281E-9
-3.86667E-3	-546.897E-12	303.883E-3	4.26290E-3	1.09057E+0	-10.6281E-9
-3.87500E-3	-550.041E-12	295.147E-3	-73.6898E-3	1.09057E+0	-10.6281E-9
-3.88333E-3	-550.756E-12	212.269E-3	-71.2791E-3	1.09057E+0	-10.6281E-9
-3.89167E-3	-551.153E-12	166.248E-3	-17.6979E-3	1.09058E+0	-10.6281E-9
-3.90000E-3	-550.328E-12	220.202E-3	-10.0740E-3	1.09058E+0	-10.6281E-9
-3.90833E-3	-547.968E-12	265.564E-3	-40.8012E-3	1.09057E+0	-10.6281E-9
-3.91667E-3	-550.622E-12	252.438E-3	-26.0199E-3	1.09058E+0	-10.6281E-9
-3.92500E-3	-549.552E-12	287.846E-3	25.3406E-3	1.09058E+0	-10.6281E-9
-3.93333E-3	-552.875E-12	351.935E-3	32.6021E-3	1.09058E+0	-10.6281E-9
-3.94167E-3	-553.984E-12	321.386E-3	-34.0376E-3	1.09059E+0	-10.6281E-9
-3.95000E-3	-551.463E-12	240.049E-3	-42.4538E-3	1.09058E+0	-10.6281E-9
-3.95833E-3	-552.131E-12	283.755E-3	-13.8716E-3	1.09058E+0	-10.6281E-9
-3.96667E-3	-553.833E-12	325.204E-3	-71.9295E-3	1.09058E+0	-10.6281E-9
-3.97500E-3	-555.361E-12	246.117E-3	-97.4413E-3	1.09059E+0	-10.6281E-9
-3.98333E-3	-556.396E-12	210.823E-3	-39.4753E-3	1.09059E+0	-10.6281E-9
-3.99167E-3	-557.054E-12	275.027E-3	-17.3859E-3	1.09058E+0	-10.6281E-9
-4.00000E-3	-557.916E-12	282.455E-3	-31.4618E-3	1.09058E+0	-10.6281E-9
-4.00833E-3	-560.173E-12	240.816E-3	-15.8019E-3	1.09059E+0	-10.6281E-9
-4.01667E-3	-561.493E-12	236.218E-3	-2.92430E-3	1.09058E+0	-10.6281E-9
-4.02500E-3	-563.087E-12	234.985E-3	12.6507E-3	1.09059E+0	-10.6281E-9
-4.03333E-3	-566.962E-12	245.199E-3	-9.04460E-3	1.09058E+0	-10.6281E-9
-4.04167E-3	-568.574E-12	265.208E-3	-72.1646E-3	1.09057E+0	-10.6281E-9
-4.05000E-3	-567.339E-12	278.470E-3	-117.694E-3	1.09059E+0	-10.6281E-9
-4.05833E-3	-567.438E-12	272.045E-3	-77.9375E-3	1.09059E+0	-10.6281E-9
-4.06667E-3	-567.210E-12	266.495E-3	-11.7542E-3	1.09059E+0	-10.6281E-9
-4.07500E-3	-571.949E-12	267.556E-3	-27.7369E-3	1.09060E+0	-10.6281E-9
-4.08333E-3	-574.913E-12	268.059E-3	-31.9099E-3	1.09059E+0	-10.6281E-9
-4.09167E-3	-575.205E-12	253.099E-3	31.8255E-3	1.09059E+0	-10.6281E-9
-4.10000E-3	-574.992E-12	278.220E-3	67.6133E-3	1.09059E+0	-10.6281E-9
-4.10833E-3	-574.505E-12	316.550E-3	34.5230E-3	1.09059E+0	-10.6281E-9
-4.11667E-3	-574.758E-12	290.640E-3	13.2741E-3	1.09059E+0	-10.6281E-9
-4.12500E-3	-575.792E-12	234.206E-3	25.7752E-3	1.09058E+0	-10.6281E-9
-4.13333E-3	-575.274E-12	211.360E-3	42.9379E-3	1.09059E+0	-10.6281E-9
-4.14167E-3	-574.165E-12	252.521E-3	32.3587E-3	1.09060E+0	-10.6281E-9
-4.15000E-3	-573.944E-12	281.204E-3	9.69340E-3	1.09059E+0	-10.6281E-9
-4.15833E-3	-575.871E-12	246.860E-3	-14.7172E-3	1.09059E+0	-10.6281E-9
-4.16667E-3	-577.554E-12	241.104E-3	-18.8503E-3	1.09058E+0	-10.6281E-9
-4.17500E-3	-578.032E-12	320.131E-3	-45.8990E-3	1.09059E+0	-10.6281E-9
-4.18333E-3	-580.308E-12	339.812E-3	-97.8229E-3	1.09059E+0	-10.6281E-9
-4.19167E-3	-580.624E-12	239.829E-3	-67.1111E-3	1.09059E+0	-10.6281E-9
-4.20000E-3	-579.587E-12	174.519E-3	18.5989E-3	1.09059E+0	-10.6281E-9
-4.20833E-3	-582.182E-12	243.582E-3	35.3850E-3	1.09059E+0	-10.6281E-9
-4.21667E-3	-584.887E-12	290.516E-3	-20.4984E-3	1.09059E+0	-10.6281E-9
-4.22500E-3	-588.659E-12	267.011E-3	-16.4542E-3	1.09058E+0	-10.6281E-9
-4.23333E-3	-591.028E-12	299.967E-3	32.9571E-3	1.09058E+0	-10.6281E-9
-4.24167E-3	-589.753E-12	354.135E-3	46.8894E-3	1.09059E+0	-10.6281E-9
-4.25000E-3	-591.654E-12	321.740E-3	26.6439E-3	1.09059E+0	-10.6281E-9
-4.25833E-3	-593.409E-12	250.009E-3	40.7932E-3	1.09059E+0	-10.6281E-9
-4.26667E-3	-593.251E-12	249.393E-3	51.8704E-3	1.09059E+0	-10.6281E-9
-4.27500E-3	-593.698E-12	313.526E-3	-12.5740E-3	1.09058E+0	-10.6281E-9
-4.28333E-3	-593.453E-12	341.081E-3	-82.3247E-3	1.09059E+0	-10.6281E-9
-4.29167E-3	-594.868E-12	288.480E-3	-81.1686E-3	1.09059E+0	-10.6281E-9
-4.30000E-3	-595.467E-12	253.548E-3	-55.3414E-3	1.09060E+0	-10.6281E-9
-4.30833E-3	-595.222E-12	252.208E-3	-33.1724E-3	1.09059E+0	-10.6281E-9
-4.31667E-3	-596.425E-12	243.197E-3	11.6425E-3	1.09058E+0	-10.6281E-9
-4.32500E-3	-596.397E-12	232.359E-3	19.1495E-3	1.09059E+0	-10.6281E-9
-4.33333E-3	-599.687E-12	234.363E-3	-7.13114E-3	1.09058E+0	-10.6281E-9
-4.34167E-3	-602.703E-12	239.562E-3	3.83677E-3	1.09059E+0	-10.6281E-9
-4.35000E-3	-604.344E-12	265.091E-3	38.9822E-3	1.09059E+0	-10.6281E-9
-4.35833E-3	-607.658E-12	286.137E-3	11.9286E-3	1.09059E+0	-10.6281E-9
-4.36667E-3	-607.648E-12	273.181E-3	-23.3635E-3	1.09059E+0	-10.6281E-9
-4.37500E-3	-608.705E-12	270.671E-3	16.0942E-3	1.09059E+0	-10.6281E-9
-4.38333E-3	-610.123E-12	297.352E-3	49.3510E-3	1.09059E+0	-10.6281E-9
-4.39167E-3	-609.616E-12	307.426E-3	-7.53896E-3	1.09059E+0	-10.6281E-9
-4.40000E-3	-611.282E-12	280.529E-3	-39.0976E-3	1.09059E+0	-10.6281E-9
-4.40833E-3	-613.774E-12	292.104E-3	-23.3570E-3	1.09060E+0	-10.6281E-9
-4.41667E-3	-618.102E-12	302.167E-3	-32.8812E-3	1.09058E+0	-10.6281E-9
-4.42500E-3	-617.974E-12	266.626E-3	-23.7530E-3	1.09059E+0	-10.6281E-9
-4.43333E-3	-615.774E-12	241.031E-3	1.09426E-3	1.09059E+0	-10.6281E-9
-4.44167E-3	-616.839E-12	258.466E-3	-3.62549E-3	1.09058E+0	-10.6281E-9
-4.45000E-3	-619.444E-12	287.555E-3	-26.1858E-3	1.09059E+0	-10.6281E-9
-4.45833E-3	-621.181E-12	298.696E-3	-22.6750E-3	1.09059E+0	-10.6281E-9
-4.46667E-3	-620.514E-12	269.831E-3	-10.6843E-3	1.09059E+0	-10.6281E-9
-4.47500E-3	-620.221E-12	272.328E-3	25.5861E-3	1.09060E+0	-10.6281E-9
-4.48333E-3	-618.175E-12	315.604E-3	50.5068E-3	1.09059E+0	-10.6281E-9
-4.49167E-3	-617.615E-12	297.638E-3	33.4475E-3	1.09058E+0	-10.6281E-9
-4.50000E-3	-619.291E-12	264.295E-3	11.8130E-3	1.09059E+0	-10.6281E-9
-4.50833E-3	-618.798E-12	251.647E-3	7.12565E-3	1.09059E+0	-10.6281E-9
-4.51667E-3	-620.335E-12	246.152E-3	11.1803E-3	1.09059E+0	-10.6281E-9
-4.52500E-3	-621.837E-12	259.406E-3	-8.72864E-3	1.09059E+0	-10.6281E-9
-4.53333E-3	-624.161E-12	270.334E-3	-40.0846E-3	1.09058E+0	-10.6281E-9
-4.54167E-3	-628.085E-12	246.390E-3	-39.2973E-3	1.09059E+0	-10.6281E-9
-4.55000E-3	-631.211E-12	249.796E-3	-6.83930E-3	1.09058E+0	-10.6281E-9
-4.55833E-3	-633.959E-12	268.245E-3	16.3333E-3	1.09059E+0	-10.6281E-9
-4.56667E-3	-635.331E-12	272.510E-3	8.83047E-3	1.09059E+0	-10.6281E-9
-4.57500E-3	-635.666E-12	270.395E-3	-19.9805E-3	1.09058E+0	-10.6281E-9
-4.58333E-3	-637.840E-12	244.698E-3	-42.1156E-3	1.09058E+0	-10.6281E-9
-4.59167E-3	-638.607E-12	229.116E-3	-38.3142E-3	1.09059E+0	-10.6281E-9
-4.60000E-3	-641.021E-12	227.114E-3	4.33329E-3	1.09059E+0	-10.6281E-9
-4.60833E-3	-641.494E-12	247.785E-3	20.0601E-3	1.09059E+0	-10.6281E-9
-4.61667E-3	-640.911E-12	253.184E-3	-7.57558E-3	1.09059E+0	-10.6281E-9
-4.62500E-3	-639.884E-12	249.478E-3	-35.4305E-3	1.09058E+0	-10.6281E-9
-4.63333E-3	-638.161E-12	296.172E-3	-23.7107E-3	1.09058E+0	-10.6281E-9
-4.64167E-3	-634.701E-12	363.251E-3	6.63350E-3	1.09058E+0	-10.6281E-9
-4.65000E-3	-631.457E-12	370.417E-3	898.641E-6	1.09058E+0	-10.6281E-9
-4.65833E-3	-633.787E-12	327.777E-3	-19.5026E-3	1.09059E+0	-10.6281E-9
-4.66667E-3	-636.597E-12	281.689E-3	-2.01263E-3	1.09059E+0	-10.6281E-9
-4.67500E-3	-636.010E-12	267.629E-3	22.0299E-3	1.09058E+0	-10.6281E-9
-4.68333E-3	-634.314E-12	262.269E-3	8.94521E-3	1.09058E+0	-10.6281E-9
-4.69167E-3	-638.204E-12	239.833E-3	30.4931E-3	1.09059E+0	-10.6281E-9
-4.70000E-3	-642.372E-12	250.275E-3	45.8036E-3	1.09059E+0	-10.6281E-9
-4.70833E-3	-643.651E-12	268.007E-3	11.2478E-3	1.09058E+0	-10.6281E-9
-4.71667E-3	-647.451E-12	294.029E-3	-21.6409E-3	1.09058E+0	-10.6281E-9
-4.72500E-3	-647.492E-12	326.894E-3	-28.7259E-3	1.09059E+0	-10.6281E-9
-4.73333E-3	-652.982E-12	308.070E-3	-5.95388E-3	1.09057E+0	-10.6281E-9
-4.74167E-3	-657.285E-12	279.253E-3	38.9586E-3	1.09059E+0	-10.6281E-9
-4.75000E-3	-657.656E-12	277.267E-3	45.9245E-3	1.09059E+0	-10.6281E-9
-4.75833E-3	-660.110E-12	265.136E-3	23.2525E-3	1.09059E+0	-10.6281E-9
-4.76667E-3	-664.720E-12	260.691E-3	15.9663E-3	1.09059E+0	-10.6281E-9
-4.77500E-3	-663.469E-12	266.391E-3	2.05088E-3	1.09058E+0	-10.6281E-9
-4.78333E-3	-659.999E-12	281.933E-3	-12.9070E-3	1.09060E+0	-10.6281E-9
-4.79167E-3	-658.502E-12	282.251E-3	-29.5245E-3	1.09059E+0	-10.6281E-9
-4.80000E-3	-658.690E-12	274.253E-3	-8.87278E-3	1.09060E+0	-10.6281E-9
-4.80833E-3	-659.615E-12	287.326E-3	27.7475E-3	1.09060E+0	-10.6281E-9
-4.81667E-3	-659.022E-12	288.725E-3	11.3998E-3	1.09059E+0	-10.6281E-9
-4.82500E-3	-658.703E-12	281.347E-3	-21.1153E-3	1.09057E+0	-10.6281E-9
-4.83333E-3	-660.314E-12	271.666E-3	-1.84601E-3	1.09057E+0	-10.6281E-9
-4.84167E-3	-661.960E-12	259.469E-3	17.8593E-3	1.09058E+0	-10.6281E-9
-4.85000E-3	-661.511E-12	265.362E-3	-892.741E-6	1.09058E+0	-10.6281E-9
-4.85833E-3	-662.650E-12	284.783E-3	-11.6085E-3	1.09059E+0	-10.6281E-9
-4.86667E-3	-667.037E-12	257.212E-3	2.92653E-3	1.09059E+0	-10.6281E-9
-4.87500E-3	-668.845E-12	224.022E-3	38.0856E-3	1.09058E+0	-10.6281E-9
-4.88333E-3	-673.816E-12	217.698E-3	40.6508E-3	1.09059E+0	-10.6281E-9
-4.89167E-3	-676.961E-12	247.747E-3	12.6077E-3	1.09058E+0	-10.6281E-9
-4.90000E-3	-678.093E-12	291.744E-3	13.2358E-3	1.09058E+0	-10.6281E-9
-4.90833E-3	-677.066E-12	290.529E-3	52.5390E-3	1.09058E+0	-10.6281E-9
-4.91667E-3	-679.027E-12	309.922E-3	86.2210E-3	1.09058E+0	-10.6281E-9
-4.92500E-3	-681.374E-12	364.490E-3	46.0951E-3	1.09059E+0	-10.6281E-9
-4.93333E-3	-682.057E-12	357.264E-3	-23.0221E-3	1.09060E+0	-10.6281E-9
-4.94167E-3	-684.034E-12	315.610E-3	-13.2522E-3	1.09059E+0	-10.6281E-9
-4.95000E-3	-684.820E-12	317.357E-3	16.9955E-3	1.09059E+0	-10.6281E-9
-4.95833E-3	-685.191E-12	346.212E-3	-8.34229E-3	1.09059E+0	-10.6281E-9
-4.96667E-3	-682.741E-12	341.586E-3	-57.3676E-3	1.09058E+0	-10.6281E-9
-4.97500E-3	-682.557E-12	284.911E-3	-11.6967E-3	1.09058E+0	-10.6281E-9
-4.98333E-3	-684.330E-12	297.379E-3	71.9202E-3	1.09060E+0	-10.6281E-9
-4.99167E-3	-684.897E-12	332.299E-3	40.1266E-3	1.09058E+0	-10.6281E-9
-5.00000E-3	-686.486E-12	267.657E-3	-23.7753E-3	1.09057E+0	-10.6281E-9
