--	pristine	30 min	60 min
294.64	547.840304912479	489	454
294.93	553.668654997177	779	867
295.22	558.460208148831	603.5	636
295.5	562.21496436744	720.25	806.75
295.79	564.932923653006	482.5	415.75
296.08	566.614086005528	620.5	669
296.37	567.258451425005	729.5	763
296.66	566.866019911439	582.75	586.5
296.95	565.436791464828	492	486.25
297.24	562.970766085173	562.75	520.75
297.53	559.467943772475	583.01	595.87
297.82	543.471399150049	586.34	602.16
298.11	536.294154952599	574.28	587.35
298.4	530.81975809088	577.34	590.78
298.69	529.771062438706	574.91	586.97
298.98	530.404390323635	569.54	583.44
299.27	526.216946714613	569.8	581.49
299.56	522.577839163125	572.44	585.99
299.85	521.445243543642	572.69	588.66
300.13	518.296266753841	575.79	590.77
300.42	515.75352402746	581.31	601.12
300.71	518.063602484472	578.18	595.38
301	523.084380516509	585.63	604.34
301.29	527.812945406996	582.43	601.55
301.58	536.995505067016	587.32	607.99
301.87	551.733193854201	573.09	589.42
302.16	563.659771167048	584.37	603.77
302.45	572.610660346519	591.6	615.85
302.74	579.729228506048	597.17	626.19
303.03	583.041961425303	603.22	637.23
303.32	580.155158548546	610.48	645.56
303.6	578.402020268062	630.08	669.9
303.89	583.587368421053	617.63	651.98
304.18	588.714462242563	624.75	661.16
304.47	594.115920235371	612.85	645.9
304.76	596.395053939196	616.1	648.67
305.05	590.382533507682	618.3	651.68
305.34	584.898407976463	622.38	658.97
305.63	582.905158548546	605.17	635.81
305.92	577.368826413861	616.15	645.24
306.21	573.291739130435	613.89	646.22
306.49	573.952474664923	605.54	634.69
306.78	573.341484145146	606.56	632.58
307.07	571.08152010461	606.69	631.68
307.36	565.92171624714	602.75	625.54
307.65	552.989101013403	601	623.86
307.94	544.096093494606	613.52	641.29
308.23	546.69317750899	589.13	608.34
308.52	545.035037593985	600.77	624.7
308.8	540.578640078457	597.12	617.96
309.09	542.700562275254	598.52	615.94
309.38	550.91876430206	587.82	603.11
309.67	557.553187316117	583.79	599.88
309.96	556.110836874796	597.65	621.06
310.25	557.116606734227	608.36	632.98
310.54	567.226838836221	607.71	630.94
310.82	577.320058842759	601.75	623.66
311.11	582.143229813665	601.56	623.66
311.4	583.942657731285	594.03	612.71
311.69	582.27206276561	597.84	619.58
311.98	581.272268715267	595.23	619.55
312.27	582.552494279176	597.18	622.1
312.56	582.548711997385	598.19	622.5
312.84	583.289179470415	592.97	617.94
313.13	581.355465838509	587.81	610.92
313.42	575.750951291272	594.11	623.4
313.71	571.788953906506	581.55	603.97
314	565.671258581236	582.51	603.42
314.29	556.073739784243	582.45	606.38
314.57	547.083184047074	582.73	603.76
314.86	541.534557044786	590.2	613.11
315.15	539.829087937235	586.7	609.88
315.44	538.760333442302	581.19	604.5
315.73	541.538054919909	577.83	595.48
316.02	549.296005230468	562.92	574.81
316.3	552.309679633868	557.92	572.14
316.59	550.829643674404	568.5	588.13
316.88	553.934383785551	568.46	586.22
317.17	555.964190912063	567.65	581.66
317.46	551.38124877411	574.76	591.15
317.75	551.043262504087	574.64	590.62
318.03	559.902517162471	565.48	578.04
318.32	563.495675057208	559.73	569.61
318.61	558.97643020595	576.87	589.38
318.9	561.721304347826	578.75	593.46
319.19	561.770506701537	571.3	583.34
319.47	549.690693036941	601.56	623.39
319.76	545.020379208892	609.96	634.86
320.05	551.8852402746	607.31	630.81
320.34	561.397116704806	609.32	630.86
320.63	575.109692710036	607.96	628.28
320.91	587.766740764956	595.46	614.18
321.2	595.233886891141	601.7	622.52
321.49	605.587777051324	598.75	618.3
321.78	607.628378555083	590.98	610.36
322.07	598.438561621445	613.56	638.66
322.35	599.633877084015	612.18	633.47
322.64	608.95742399477	606.28	623.63
322.93	614.651516835567	611.48	627.52
323.22	616.878234717228	608	629.08
323.51	618.050513239621	605.96	627.09
323.79	616.592961752207	603.71	626.63
324.08	608.614521085322	607.41	628.73
324.37	599.464897025172	607.99	628.88
324.66	593.537404380517	593.19	611.7
324.94	582.621938542007	597.12	615.85
325.23	571.880098071266	597.56	617.78
325.52	571.933769205623	580.15	589.47
325.81	574.05302713305	574.41	584.78
326.09	571.788231448186	566.96	573.15
326.38	566.106015037594	564.88	572.45
326.67	556.619136972867	557.99	564.13
326.96	549.948970251716	563.21	569.33
327.24	542.816547891468	552.31	555.34
327.53	519.482432167375	570.95	581.73
327.82	499.968009153318	587.45	606.19
328.11	506.34784570121	571.38	586.58
328.39	521.005380843413	566.38	580.96
328.68	531.404870872835	569.32	586.41
328.97	539.992765609677	580.41	606.59
329.26	550.819741745669	581.49	604.88
329.54	564.660706113109	581.06	605.61
329.83	577.507087283426	574.76	588.4
330.12	585.273079437725	570.57	584.48
330.41	586.746086956522	569.15	583.35
330.69	585.901088591043	568.19	582.37
330.98	582.799208891795	561.95	575.53
331.27	577.888401438379	566.25	582.29
331.56	570.994870872835	553.4	568.67
331.84	557.779257927428	566.09	584.66
332.13	545.349911735862	571.19	594.95
332.42	537.265612945407	571.41	592.53
332.7	527.672834259562	572.01	595.78
332.99	512.72017979732	575.9	601.4
333.28	500.265815626022	591.88	621.63
333.57	506.138829682903	579.79	601.81
333.85	521.513076168683	566.8	586.5
334.14	527.598816606735	564.78	579.62
334.43	530.762925792743	577.84	598.08
334.71	544.13811703171	571.1	587.18
335	564.736783262504	572.42	588.37
335.29	581.991922196797	566.02	579.97
335.58	591.096989212161	578.13	594.71
335.86	599.106639424649	584.13	609.5
336.15	609.112817914351	581.96	607.76
336.44	614.513079437725	581.54	606.15
336.72	609.973242889834	579.66	601.71
337.01	596.313507682249	593.36	621.67
337.3	581.901026479242	599.5	629.6
337.58	575.770081726055	607.39	642.41
337.87	579.048600849951	599.72	632.84
338.16	580.220326904217	601.01	636.67
338.44	576.522252370056	610.86	649.83
338.73	576.538796992482	607.67	645.93
339.02	579.73627983001	597.54	635.11
339.31	581.483690748611	594.94	634.42
339.59	577.553550179797	595.64	635.3
339.88	573.203971886237	607.77	648.3
340.17	577.209202353711	599.89	639.76
340.45	581.401719516182	595.78	633.55
340.74	579.286793069631	600.17	641.87
341.03	577.033141549526	608.24	653.62
341.31	582.31731938542	615.93	660.93
341.6	592.345956194835	605.74	646.93
341.89	596.291843739784	619.1	666.02
342.17	593.963121935273	634.47	683.67
342.46	592.78799607715	646.79	699.59
342.75	599.001252043151	641.03	693.34
343.03	612.791042824453	629.29	674.25
343.32	626.306793069631	615.67	654.09
343.6	632.200637463223	620.38	656.58
343.89	628.840787839163	618.71	655.74
344.18	622.396479241582	623.61	664.82
344.46	620.561624713959	622.95	664.49
344.75	619.204589735208	624.68	664.75
345.04	615.822134684537	631.58	671.68
345.32	612.460614579928	623.08	657.55
345.61	607.100117685518	622.02	656.65
345.9	597.797172278523	613.96	650.04
346.18	582.325102974829	621.55	660.77
346.47	567.600022883295	619.53	658.96
346.75	562.447057862047	612.31	652.81
347.04	562.149029094476	605.2	645.23
347.33	558.027571101667	611.82	656.86
347.61	554.392899640406	610.62	656.24
347.9	562.43087283426	612.66	656.83
348.19	580.043409610984	597.24	640.02
348.47	591.729960771494	590.84	634.8
348.76	593.020042497548	606.19	652.25
349.04	590.176109839817	610.78	659.86
349.33	585.207450147107	620.2	677.7
349.62	580.761811049363	613.41	671.79
349.9	577.303811703171	616.94	676.07
350.19	579.302703497875	627.88	685.84
350.47	589.451467799935	630.25	691.53
350.76	601.720137299771	631.24	695.21
351.05	607.53314808761	625.73	688.99
351.33	606.412729650213	641.2	715.34
351.62	606.117983000981	637.71	715.4
351.9	604.284733573063	646.45	729.19
352.19	597.876547891468	651.4	740.68
352.48	590.589826740765	657.69	755.18
352.76	583.832641386074	666.18	769.44
353.05	575.599843085976	671.91	785.6
353.33	570.549970578621	695.01	824.03
353.62	574.667773782282	705.88	851.07
353.91	579.034609349461	724.53	895.7
354.19	574.06203334423	767.11	972
354.48	575.212540045767	829.11	1072.6
354.76	594.435711016672	857.08	1140.8
355.05	624.953625367767	909.41	1260.6
355.33	666.856659038902	958.42	1363.6
355.62	716.298123569794	1030.1	1507.3
355.91	774.937044785878	1116.4	1672.3
356.19	853.218061457993	1206.3	1850.2
356.48	947.125436417131	1311.2	2045.9
356.76	1046.28460608042	1452	2295.9
357.05	1154.19515854855	1602.2	2576.3
357.33	1276.01453089245	1763.4	2872.4
357.62	1408.91964040536	1967.3	3240
357.9	1565.06357960118	2191.7	3643
358.19	1753.97918273946	2444.3	4086.8
358.48	1973.5402942138	2720.3	4581.2
358.76	2230.91533834587	3022.8	5110.5
359.05	2525.02688787186	3341.9	5656
359.33	2845.58236678653	3687.7	6270.7
359.62	3194.7751552795	4067.6	6913.6
359.9	3580.98522392939	4494.2	7611.3
360.19	4011.58672768879	4932.2	8276.1
360.47	4480.28273945734	5388.2	8935.3
360.76	4981.66842105264	5913.6	9592.5
361.04	5523.90709382151	6462.5	10228
361.33	6095.57554756457	7025.3	10854
361.61	6683.79470415169	7635.8	11462
361.9	7301.26570774764	8275.8	12029
362.18	7965.81284733573	8930.6	12579
362.47	8681.92987904545	9565.7	13114
362.76	9447.43743053286	10189	13615
363.04	10250.5793396535	10788	14078
363.33	11069.1036940177	11376	14512
363.61	11886.6102647924	11923	14888
363.9	12681.3429879046	12447	15213
364.18	13431.8151683557	12942	15508
364.47	14124.3343576332	13409	15730
364.75	14737.0417129781	13854	15941
365.04	15262.1549525989	14268	16094
365.32	15703.8695652174	14656	16197
365.61	16056.5697940503	15009	16252
365.89	16319.2196796339	15309	16254
366.18	16496.3484798954	15583	16254
366.46	16599.3484798954	15824	16254
366.75	16639.0418437398	16007	16254
367.03	16617.0202680615	16166	16254
367.32	16551.7829355999	16295	16254
367.6	16480.9862700229	16372	16254
367.89	16432.5155279503	16384	16254
368.17	16409.9254658385	16384	16254
368.46	16404	16384	16254
368.74	16404	16384	16254
369.02	16404	16384	16254
369.31	16404	16384	16254
369.59	16404	16384	16254
369.88	16404	16384	16254
370.16	16404	16384	16254
370.45	16404	16384	16254
370.73	16404	16384	16254
371.02	16404	16384	16254
371.3	16404	16384	16254
371.59	16404	16384	16254
371.87	16420.3229813665	16384	16254
372.16	16471.4596273292	16358	16254
372.44	16538.6253677673	16295	16254
372.72	16594.5272965021	16200	16254
373.01	16620.5982347172	16056	16254
373.29	16592.4481856816	15882	16254
373.58	16495.9820202681	15686	16254
373.86	16327.8525661981	15465	16254
374.15	16086.60542661	15211	16254
374.43	15770.9329846355	14940	16253
374.72	15379.5843085976	14637	16198
375	14914.3339653482	14313	16115
375.28	14385.2967636483	13981	16031
375.57	13810.2351748938	13619	15889
375.85	13207.5588754495	13253	15744
376.14	12590.9555410265	12850	15561
376.42	11967.7142203334	12432	15355
376.71	11353.7038901602	11991	15119
376.99	10774.5590062112	11544	14852
377.27	10248.2788492972	11077	14569
377.56	9784.21631252044	10597	14234
377.84	9380.02706766917	10110	13900
378.13	9009.76024844721	9614.5	13511
378.41	8652.50604772802	9149.4	13119
378.69	8303.1888525662	8692	12691
378.98	7954.89630598235	8273.7	12234
379.26	7609.12226217718	7875.2	11762
379.55	7264.35593331154	7478.6	11267
379.83	6912.69418110494	7094.6	10761
380.11	6556.03814972214	6733.5	10229
380.4	6197.0179143511	6375.6	9676.7
380.68	5835.66815952926	6042.4	9165.9
380.97	5479.58283752861	5715	8657
381.25	5133.19888852566	5396.5	8145.4
381.53	4799.11072245832	5104.3	7702.3
381.82	4480.73213468454	4803	7212.6
382.1	4175.40281137627	4533.5	6779.5
382.39	3888.24991827395	4270.6	6346.3
382.67	3622.50071918928	4031.1	5953.9
382.95	3373.37159202354	3790.2	5571.4
383.24	3138.55746976136	3564	5208.6
383.52	2927.82736188297	3352.3	4882.3
383.8	2744.35109512913	3142.4	4552.4
384.09	2580.93337692056	2971.9	4282.7
384.37	2439.37450147107	2793.2	3990.7
384.66	2311.41804511278	2636.7	3742.9
384.94	2192.01990846682	2491.6	3521.4
385.22	2086.18986596927	2352.5	3311.4
385.51	1991.57718208565	2224.2	3110.2
385.79	1908.62523700556	2114.7	2928.8
386.07	1835.38185681595	2010.4	2757.1
386.36	1764.43609022557	1912.6	2612.4
386.64	1692.93422687153	1826.3	2469.5
386.92	1621.51379535796	1744.3	2355.4
387.21	1555.59725400458	1666.9	2235.4
387.49	1495.53733246159	1592.6	2119.1
387.77	1436.50490356326	1535.2	2042
388.06	1377.26721150703	1472.2	1947.3
388.34	1319.99297155933	1428.3	1875
388.62	1271.22054593004	1373.1	1791.7
388.91	1226.87425956195	1328.6	1719.7
389.19	1185.45997057862	1293.2	1660.7
389.47	1153.51653808434	1244.5	1597.5
389.76	1125.63450474011	1206.7	1538
390.04	1095.03807126512	1164	1480.3
390.32	1062.25268715266	1134.6	1435.3
390.61	1036.47173586139	1108.9	1389.8
390.89	1021.14214776071	1069.8	1330
391.17	1000.15309905198	1040.1	1285.3
391.46	973.307172278523	1037.3	1269.3
391.74	953.808329519451	1011.4	1233.5
392.02	939.048081072246	999.1	1211.1
392.31	927.00114416476	980.67	1181.9
392.59	918.423347499183	959.88	1157.7
392.87	908.364190912063	941.53	1127
393.15	894.300130761687	928.15	1111.5
393.44	880.917244197451	913.36	1090.4
393.72	871.204900294214	896.12	1065.1
394	866.988862373325	882.06	1044.1
394.29	865.162265446225	848.31	1003.2
394.57	853.270035959464	833.66	980.3
394.85	835.404445897353	821.8	961.6
395.14	821.62612945407	803.05	932.9
395.42	805.367172278523	796.51	923.8
395.7	791.885201046094	793.18	921.2
395.98	787.711726054266	771.36	885.8
396.27	782.456247139588	760.74	872.3
396.55	768.846080418438	738.28	843.94
396.83	746.851742399477	737.81	840.07
397.12	725.662651193201	719.81	815.38
397.4	709.085789473684	700.53	793.46
397.68	694.488966982674	695.27	782.16
397.96	685.751150702844	686.48	773.86
398.25	680.299934619157	679.32	760.47
398.53	672.25412553122	674.7	752.44
398.81	665.250356325597	673.91	749.11
399.09	661.620117685518	661.26	731.25
399.38	659.416557698594	658.56	723.55
399.66	657.437587446878	647.37	706.79
399.94	651.370189604446	646.35	705.91
400.22	640.542265446225	646.42	703.87
400.51	631.092376593658	642.23	699.96
400.79	626.96216737496	629.49	687.82
401.07	626.31823798627	622.85	679.87
401.35	629.675142203335	604.3	652.31
401.64	627.318898332789	589.34	634.59
401.92	611.850954560314	597.9	648.5
402.2	595.118679306963	594.92	648.5
402.48	582.516077149396	598.04	651.67
402.77	570.641389342923	592.74	646.49
403.05	555.433360575352	590.55	642.29
403.33	542.170098071265	588.93	642.99
403.61	538.226668846028	577.86	629.34
403.89	536.510487087284	569.52	618.01
404.18	534.306629617522	571.82	621.5
404.46	537.349215429879	562.01	614.4
404.74	539.751108205296	554	601.39
405.02	539.252536776725	557	604.13
405.31	542.752079110821	545.1	592.5
405.59	547.825805818895	545.18	590.71
405.87	547.796005230468	537.28	577.56
406.15	543.190895717555	547.77	591.18
406.43	541.706832298137	547.82	590.83
406.72	543.345488721805	551.25	592.12
407	540.359601176855	552.1	595.48
407.28	533.474338018961	564.54	612.55
407.56	532.362948676038	566.23	613.76
407.84	536.810624387055	558.45	604.61
408.13	541.045531219353	568.28	615.96
408.41	545.101212814646	565.15	606.85
408.69	544.497528604119	574.8	620.14
408.97	544.025818895064	580.2	625.68
409.25	548.80498528931	574.87	617.78
409.53	552.733556717882	581.88	626.21
409.82	561.641729323308	585.84	634.34
410.1	571.067034978752	573.13	616.78
410.38	568.579624060151	595.91	644.21
410.66	567.410408630272	605.51	656.71
410.94	576.599068322982	603.66	656.54
411.23	582.971634521086	602.64	653.56
411.51	582.05370382478	619.29	676.69
411.79	584.869915004904	624.71	685.84
412.07	592.856694998366	626.91	686.34
412.35	600.866276560968	629.07	689.57
412.63	606.423494606081	624.91	683.39
412.91	610.529898659693	630.3	688.16
413.2	604.816891140896	619.88	672.3
413.48	589.732468126839	655.16	724.63
413.76	592.262579274273	652.56	719.2
414.04	605.794733573063	640.3	704.55
414.32	610.253468453743	643.56	710.98
414.6	610.084841451455	635.97	702.67
414.89	605.184243216738	640.31	706.42
415.17	599.414060150376	652	721.5
415.45	600.75757437071	645.85	710.74
415.73	598.139493298464	637.77	701.65
416.01	590.267904543969	649.89	718.95
416.29	592.978767571102	635.73	696.47
416.57	599.756446551161	629.82	690.21
416.85	598.432428898333	631.01	691.39
417.14	593.70764955868	634.93	699.04
417.42	590.266152337365	623.7	683.98
417.7	588.547623406342	628.39	689.58
417.98	587.169630598235	612.45	665.92
418.26	579.1321085322	615.79	671.39
418.54	565.449967309579	615.48	668.68
418.82	549.339290617849	613.52	668.22
419.1	542.687247466493	614.65	669.65
419.38	553.770183066362	579.15	616.56
419.67	556.948084341288	578.89	613.18
419.95	546.044684537431	583.18	619.19
420.23	534.775080091533	581.52	617.6
420.51	523.467332461589	585.66	622.59
420.79	519.020699575025	584.53	621.65
421.07	519.433452108532	570.85	603.64
421.35	514.818542007192	583.85	623.32
421.63	515.495423340961	591.32	631.15
421.91	525.711601830664	581.49	617.16
422.19	531.290277868585	581.66	618.6
422.47	532.911797973194	592.14	632.59
422.76	539.370608041844	588.99	625.57
423.04	548.376976135992	591.08	627.73
423.32	557.48689767898	587.97	623.78
423.6	564.148241255312	588.7	625.14
423.88	570.141229159856	598.11	636.09
424.16	581.463301732593	588.39	621.52
424.44	590.622732919255	583.57	614.95
424.72	590.781709709056	583.66	613.78
425	587.691830663616	586.27	617.19
425.28	579.719444262831	583.51	614.39
425.56	566.404239947696	601.01	638.51
425.84	556.781474338019	599.09	635.15
426.12	551.729813664597	602.93	639.07
426.4	547.890470742073	597.15	630.86
426.68	543.316394246486	597.2	630.1
426.97	535.405469107552	594.18	623.09
427.25	529.537803203662	603.52	636.26
427.53	532.298813337692	604.19	637.41
427.81	537.664684537431	606.28	639.65
428.09	547.854854527624	610.5	643.12
428.37	564.738358940831	589.87	614.98
428.65	572.476593658058	590.51	613.7
428.93	569.488711997385	590.85	615.04
429.21	570.247388035306	595.01	620.46
429.49	576.017662634848	583.04	604.96
429.77	579.942736188297	592.75	621.91
430.05	579.99935272965	588.4	618.71
430.33	574.764243216738	595.46	629.97
430.61	567.386145799281	592.33	625.28
430.89	555.828711997385	593.49	627.13
431.17	541.136675384113	604.62	640.01
431.45	536.558695652174	603.19	639.47
431.73	539.430395554103	597.38	631.52
432.01	539.471104936254	598.31	634.83
432.29	536.288947368421	592.79	627.63
432.57	528.983926119647	594.23	630.75
432.85	526.366080418437	597.78	639.1
433.13	534.060114416476	579.23	612.84
433.41	537.438175874469	591.38	629.43
433.69	537.285655442955	604.69	650.28
433.97	546.137126511932	620.1	671.98
434.25	559.732030075188	624.22	678.98
434.53	569.781288002616	629.54	687.76
434.81	582.158179143511	637.34	697.25
435.09	601.283821510298	636.94	696.17
435.37	623.754825106244	640.15	698.95
435.65	646.491039555411	628.51	682.87
435.93	660.44526969598	627.9	677.88
436.21	659.273801896045	623.17	673.36
436.49	648.251601830664	628.99	685.19
436.77	640.971134357633	630.11	686.13
437.05	640.853030402092	617.13	668.91
437.33	638.053262504086	614.82	667.15
437.61	629.142984635502	610.9	664.47
437.89	609.000251716248	609.22	662.72
438.17	580.722569467146	629.56	688.48
438.45	560.537862046421	625.34	684.41
438.73	542.160617848971	619.99	676.76
439	522.23772474665	628.42	689.55
439.28	515.696171951618	614.34	671.85
439.56	524.037155933312	605.31	656.51
439.84	536.770745341615	587.85	633.43
440.12	544.804269369075	590.98	635.82
440.4	553.507554756457	580.31	622.52
440.68	565.826691729324	567.55	606.06
440.96	574.227103628637	570.4	611.82
441.24	577.30850931677	572.18	613.39
441.52	575.130516508663	580.96	624.16
441.8	565.285047401112	590.98	639.2
442.08	556.872517162472	610.99	663.85
442.36	560.814759725401	607.97	657.71
442.64	568.560392285061	609.64	659.35
442.92	571.564762994443	608.74	660.42
443.19	570.211853546911	612.72	663.09
443.47	569.679777705133	620.62	671.22
443.75	576.119297155934	609.48	655.31
444.03	583.015688133377	596.24	637.98
444.31	577.663530565545	600.48	643.93
444.59	568.790339980386	614.27	663.69
444.87	573.234151683557	603.3	650.78
445.15	582.655694671461	600.09	645.56
445.43	587.1776201373	598.7	645.51
445.71	588.126479241582	607.06	657.09
445.99	585.280980712651	609.93	664.87
446.26	580.300833605754	617.2	673.87
446.54	575.305541026479	616.73	675.5
446.82	571.037950310559	620.06	679.8
447.1	568.536923831318	617.67	678.56
447.38	568.099166394247	616.9	679.5
447.66	572.88873488068	611.03	673.22
447.94	582.935197777051	592.48	649.73
448.22	586.25566198104	587.66	641.27
448.49	579.111954887218	593.65	650.83
448.77	574.525766590389	596.33	654.54
449.05	575.850863027133	586.47	644.2
449.33	568.194439359268	595.26	657.54
449.61	552.887610330174	612.15	684.29
449.89	542.523707093822	610.86	683.48
450.17	539.651928734881	617.58	694.85
450.45	548.385086629618	608.23	680.45
450.72	559.5012945407	599.98	666.18
451	563.815828702191	605.87	672.99
451.28	568.863344230141	592.38	658.87
451.56	572.478185681596	582.15	644.49
451.84	568.510879372344	585.15	647.06
452.12	562.374697613599	590.46	655.8
452.4	561.35746976136	589.31	653.45
452.67	563.705184700883	585.09	647.01
452.95	565.204089571756	584.23	650.06
453.23	567.651712978098	583.59	649.73
453.51	567.847943772475	578.07	641.14
453.79	559.116273291926	582.2	648.45
454.07	545.345992154299	582.46	652.83
454.34	536.226567505721	582.15	654.2
454.62	527.91953252697	575.89	643.87
454.9	516.880696305983	587.74	660.69
455.18	514.805289310232	583.34	653.23
455.46	522.964615887545	579.4	649.01
455.73	535.084145145473	572.85	638.68
456.01	548.870019614253	564.26	628.84
456.29	559.281382804839	563.47	630.74
456.57	563.975442955214	564.32	635.8
456.85	564.666191565871	562.49	634.58
457.13	559.924707420726	574.25	642.16
457.4	552.823148087611	585.9	659.97
457.68	555.75245505067	582.06	660.75
457.96	566.773759398497	573.94	647.57
458.24	567.562654462243	569.4	641.99
458.52	560.934083033671	590.85	674.45
458.79	565.270934946061	586.69	667.79
459.07	575.250287675711	588.59	667
459.35	578.885184700883	589.11	669.32
459.63	575.065724092841	588.36	667.67
459.9	570.063184047074	591.67	671.27
460.18	567.232481203008	586.8	663.61
460.46	563.893890160183	591.67	670.09
460.74	563.953569794051	581.6	653.61
461.02	562.757963386728	576.94	648.19
461.29	557.319816933639	587.48	661.87
461.57	555.81060150376	587.27	664.98
461.85	555.71325269696	583.55	655.15
462.13	548.85968290291	586.48	657.81
462.4	538.823582870219	596.9	672.14
462.68	535.316874795685	601.24	677.06
462.96	538.602370055574	588.97	671.43
463.24	545.578917947042	584.28	662.44
463.51	546.781797973194	573.4	645.93
463.79	536.500882641386	588.76	665.3
464.07	529.511719516182	589.21	666.33
464.35	533.828747956849	585.25	658.39
464.62	544.691203007519	590.09	664.98
464.9	553.888309905198	583.66	660.22
465.18	557.001363190585	596.92	679.52
465.46	558.934805491991	593.13	674.02
465.73	560.908950637463	594.84	677.2
466.01	561.154298790455	591.79	675.24
466.29	560.54429225237	590.56	673.5
466.57	558.718159529258	587.23	670.61
466.84	557.193965348153	582.2	663.31
467.12	555.42397515528	572.6	649.1
467.4	547.797567832625	577.83	652.91
467.67	537.098777378228	575.46	650.99
467.95	529.113063092514	576.5	652.3
468.23	522.822422360249	580.44	658.53
468.51	516.475576985943	588.62	668.63
468.78	511.654259561949	596.25	679.09
469.06	505.807034978752	599.06	684.32
469.34	502.053046747303	617.59	705.62
469.61	507.796185027787	607.2	694.82
469.89	522.822147760706	607.83	694.92
470.17	542.6728604119	585.65	665.03
470.44	559.459391958157	595.58	680.91
470.72	572.923220006538	589.94	672.93
471	582.229045439686	590.99	672.35
471.28	588.694560313828	598.05	680.32
471.55	594.827211507029	590.15	670.52
471.83	598.463229813665	600.54	681.6
472.11	598.860127492645	605.37	688.99
472.38	589.795322000654	616.07	704.1
472.66	575.693514220334	617.46	706.82
472.94	566.551801242236	617.25	708.01
473.21	554.896727688787	611.74	700.74
473.49	537.668558352403	624.96	723.6
473.77	525.190650539392	614.7	706.46
474.04	520.939287348807	608.85	699.94
474.32	519.654707420726	596.83	687.17
474.6	516.153269042171	600.03	689.37
474.87	515.678401438379	598.87	688.88
475.15	522.552543314809	600.12	692.94
475.43	532.41091860085	602.44	697.15
475.7	537.804903563256	606.43	704.86
475.98	543.27478914678	623.3	725.51
476.25	558.004916639425	620.03	715.62
476.53	574.412847335731	628.33	725.56
476.81	589.383200392285	620.54	717.1
477.08	600.508751225891	616.5	712.7
477.36	605.110830336712	622.17	716.94
477.64	607.427747629945	621.03	717.49
477.91	608.403072899641	609.46	702.43
478.19	609.361474338019	600.47	694.13
478.47	605.641480876103	599.36	691.99
478.74	594.275949656751	609.58	709.05
479.02	583.192356979405	614.86	716.69
479.29	571.4912945407	620.38	719.66
479.57	559.31045112782	645.75	749.82
479.85	555.35888525662	648.81	749.55
480.12	558.265426610004	650.34	750.4
480.4	564.841784897025	644.24	741.9
480.67	574.551000326905	639.65	732.02
480.95	582.988891794704	626.91	712.11
481.23	580.621451454724	619.18	703.35
481.5	573.380081726055	634.61	722.63
481.78	579.604962406015	629.9	715.25
482.05	593.817155933312	625.04	710.27
482.33	604.508506047728	625.1	710.31
482.61	608.941971232429	623.3	705.32
482.88	605.620921869892	623.35	713.27
483.16	597.939751552795	621.79	712.4
483.43	589.48149068323	626.05	722.46
483.71	581.09600849951	627.86	724.46
483.99	568.514717227853	629.4	725.06
484.26	556.383141549526	635.14	731.29
484.54	552.56153644982	626.56	716.42
484.81	547.965181431841	620.18	707.19
485.09	546.408254331481	622.64	712.41
485.36	556.588924485126	601.91	690.34
485.64	559.624527623407	601.64	690.29
485.92	554.347061131089	635.73	728.97
486.19	556.209329846355	635.97	727.9
486.47	558.006044458974	646.9	747.25
486.74	558.885220660347	661.49	769.27
487.02	569.493697286695	667.29	771.49
487.29	593.989725400458	661.77	760.32
487.57	624.647224583197	650	746.89
487.84	647.176433474992	649.35	743.42
488.12	659.764197450147	648.32	743.53
488.4	664.916135992154	646.95	737.63
488.67	661.942255639098	646.42	731.37
488.95	657.910761686826	646.07	728.51
489.22	653.700657077477	637.56	714.49
489.5	640.091703170971	648.15	724.06
489.77	622.113644982021	653.54	730.56
490.05	607.487960117686	656.31	730.94
490.32	592.33397515528	656.85	733.1
490.6	577.901104936254	658.63	733.85
490.87	567.696227525335	645.82	715.41
491.15	554.536861719517	641.45	708.1
491.42	544.406116377901	633.9	697
491.7	542.632435436417	601.4	658.87
491.97	538.204138607388	604.55	662.17
492.25	536.268891794704	596.08	645.9
492.52	538.384514547238	591.55	636.67
492.8	543.713942464858	593.17	641.91
493.07	554.696920562275	580.11	624.08
493.35	563.452347172279	591.66	636.06
493.62	570.913808434129	593.33	634.7
493.9	574.796149068323	590.76	633.53
494.17	569.071075514874	601	648.35
494.45	562.080719189278	604.36	653.42
494.72	560.001046093495	602.73	649.17
495	557.36796665577	598.11	643
495.27	555.822095456032	598.85	644
495.55	562.682922523701	591.42	632.8
495.82	574.570781301079	580.12	616.73
496.1	578.712736188297	574.29	607.99
496.37	573.315057208238	578.99	614.41
496.65	563.038453743054	575.21	607.45
496.92	547.832232755803	586.12	622.33
497.2	533.462984635502	584.75	618.36
497.47	522.866933638444	587.41	622.27
497.74	517.52007518797	586.56	618.76
498.02	517.79697286695	575.66	607.88
498.29	521.310457665904	571.13	600.32
498.57	522.613573063093	557.91	581.71
498.84	518.1639457339	564.36	590.71
499.12	514.345348152991	557.74	586.33
499.39	511.879892121609	560.61	593.07
499.67	506.748545276234	559.8	588.95
499.94	502.312566198104	567.71	599.64
500.21	505.961095129127	567.96	598.77
500.49	516.224648577967	568.28	602.09
500.76	527.255612945407	564.11	595.53
501.04	536.405622752534	565.94	598.78
501.31	538.366907486107	571.72	607.01
501.59	535.26814645309	586.16	629.28
501.86	539.039705786205	593.45	635.55
502.13	549.869457339	582.63	621.13
502.41	559.708780647271	580.63	620.01
502.68	568.192039882315	574.72	612.19
502.96	575.870817260543	574.22	612.32
503.23	581.296407322655	567.06	602.4
503.5	583.608921216084	568.04	602.88
503.78	580.871840470742	567.18	598.89
504.05	570.018996404054	571.03	604.32
504.33	552.828558352403	574.82	609.89
504.6	538.984249754822	581.34	618.95
504.87	528.909643674404	574.33	607.89
505.15	517.663128473358	584.44	619.94
505.42	513.325269695979	583.86	618.03
505.7	518.778434128801	576.34	609.24
505.97	524.126668846028	573.36	605.02
506.24	522.989921542988	581.27	614.78
506.52	519.873978424322	590.97	627.62
506.79	524.065949656751	592.96	629.17
507.07	542.440758417784	592.01	624.39
507.34	569.50960771494	574.81	599.62
507.61	587.58926119647	572.56	597.26
507.89	592.922023537104	579.99	606.3
508.16	592.445377574371	584.46	611.8
508.43	589.492566198104	591.06	621.28
508.71	588.842546583851	596.6	628.34
508.98	588.245187969925	593.63	623.62
509.25	581.171150702844	603.21	640.31
509.53	571.736191565871	610.32	651.5
509.8	564.718205295849	611.02	656.52
510.07	559.116109839817	612.53	656.32
510.35	555.845001634521	613.49	657.5
510.62	554.723759398496	612.9	657.5
510.9	556.429584831644	620.41	669.34
511.17	564.456165413534	618.81	669.08
511.44	576.468986596927	613.86	661.1
511.72	584.584007845701	603.4	646.7
511.99	588.721922196797	605.17	646.4
512.26	595.4355116051	593.68	632.26
512.54	602.961255312194	588.15	627.12
512.81	604.707090552468	586.73	628.66
513.08	597.157254004577	586.72	627.26
513.35	581.344413206931	591.64	636.43
513.63	561.974936253678	594.14	637.57
513.9	547.058891794704	603.27	650.1
514.17	541.142422360249	595.54	642.75
514.45	537.121274926447	601.26	648.96
514.72	533.086302713305	604.75	651.03
514.99	534.106829029095	603.53	648.49
515.27	534.240670153645	598.26	642.74
515.54	531.353517489376	614.26	662.91
515.81	538.541297809742	612.92	659.64
516.09	553.011758744688	601.26	645.29
516.36	567.894838182413	606.14	651.9
516.63	589.644128800262	590.8	629.62
516.9	608.423389996731	584.03	622.33
517.18	611.177767244198	583.85	624.44
517.45	606.566923831318	594.39	639.87
517.72	602.766999019288	590.23	633.41
517.99	593.310134030729	604.22	644.13
518.27	577.801405688134	616.27	660.26
518.54	562.075008172606	632.3	683.28
518.81	553.707518796993	651.81	710.05
519.09	557.244334749919	648.08	707.37
519.36	569.07506047728	647.98	710.83
519.63	584.321297809742	637.33	695.06
519.9	592.433066361556	636.33	690.88
520.18	594.977015364499	641.93	704.94
520.45	603.937678980059	637.14	697.31
520.72	614.47724419745	625.21	680.7
520.99	621.776155606408	623.69	674.01
521.27	626.172399476954	608.92	652.4
521.54	622.884805491991	618.57	667.93
521.81	616.331261850278	624.06	676.12
522.08	614.876786531547	630.46	683.59
522.36	613.801225890814	628.69	683.5
522.63	605.671765282772	640.68	696.85
522.9	593.979823471723	643.32	697.83
523.17	581.802526969598	641.93	693.92
523.44	568.475851585486	645.53	699.52
523.72	559.808842759072	636.54	690.35
523.99	558.552929061785	624.71	670.35
524.26	563.305576985944	615.58	659.22
524.53	572.004524354364	608.43	647.66
524.81	579.934233409611	602.94	638.36
525.08	579.480245178163	596.41	627.89
525.35	567.722625040863	612.41	651.2
525.62	565.406260215757	624.95	663.37
525.89	575.635223929389	604.26	630.8
526.17	574.796763648251	621.11	656.41
526.44	565.108875449494	627.56	665.11
526.71	560.692105263158	637.09	678.22
526.98	561.044645308925	619.68	656.19
527.25	562.276560967637	621.82	656.26
527.53	564.94034651847	611.95	639.85
527.8	564.276413860739	614.11	639.36
528.07	559.613305001635	622.46	647.48
528.34	559.591346845375	622.16	649.42
528.61	563.655907159203	620.78	647.28
528.88	567.648139915005	623.33	652.99
529.16	572.75451781628	619.97	648.58
529.43	576.171033017326	610.1	638.56
529.7	574.843340961099	608.91	637.65
529.97	568.722242562929	601.05	623.59
530.24	559.553200392285	615.8	643.25
530.51	551.381389342923	619.03	644.84
530.79	548.448074534162	627.66	654.61
531.06	554.689483491337	609.45	626.9
531.33	563.02501471069	604.58	624.19
531.6	565.561974501471	599.27	618.97
531.87	565.499313501144	598.63	616.25
532.14	568.508404707421	592.51	608.19
532.41	569.04876430206	587.35	600.48
532.69	559.133285387382	592.54	606.2
532.96	546.198411245505	594.92	608.25
533.23	536.621484145146	592.62	606.51
533.5	533.744880679961	584.32	598.43
533.77	538.365753514221	571.56	582.07
534.04	538.036554429552	569.69	577.46
534.31	533.2023798627	579.65	590.48
534.58	531.862360248448	568.71	573.82
534.86	526.809660019615	578.09	584.65
535.13	517.424730304021	581.21	587.7
535.4	507.407777051324	584.78	592.23
535.67	504.387247466493	586.91	596.34
535.94	512.398793723439	573.76	580.52
536.21	518.381712978098	574.8	582.67
536.48	521.222533507683	578.93	590.55
536.75	530.825501797973	578.85	593.4
537.02	542.557734553776	576.16	588.8
537.3	550.087858777378	579.16	589.83
537.57	558.621072245832	572.85	579.95
537.84	563.733174239948	562.77	564.97
538.11	558.814197450147	570.7	572.41
538.38	552.242049689441	565.09	565.2
538.65	546.193890160183	561.28	560.62
538.92	533.432402745996	566.38	567.71
539.19	519.850084995097	578.76	585.7
539.46	514.188996404054	577.06	581.97
539.73	513.16087283426	569.83	570.59
540	510.564583197124	561.8	561.49
540.27	503.451284733573	563.64	562.27
540.54	497.034174566852	565.66	566.35
540.82	491.109800588428	561.32	561.09
541.09	486.000169990193	564	565.31
541.36	487.34915658712	552.75	550.42
541.63	488.320424975482	552.71	551.03
541.9	488.958682576005	556.22	559.11
542.17	498.082582543315	560.36	562.26
542.44	512.535884275907	558.01	561.93
542.71	520.468672768879	563.34	567.8
542.98	522.163507682249	580.51	594.34
543.25	530.428316443282	588.21	606.35
543.52	544.196322327558	586.85	605.9
543.79	550.504632232756	586.35	608.64
544.06	550.583530565545	597.94	624.36
544.33	554.554851258582	596.44	623.31
544.6	564.426305982347	593.58	614.68
544.87	575.893308270677	592.72	610.47
545.14	583.072412553122	602.14	623.8
545.41	586.792576005231	608.02	633.16
545.68	589.356374632233	611.01	634.46
545.95	588.237678980059	606.92	631.21
546.22	581.107149395227	610.05	637.24
546.49	573.238666230795	624.85	656.11
546.76	570.134419745015	623.25	652.64
547.03	567.135531219353	632.52	663.38
547.3	565.320336711344	634.92	663.78
547.57	571.319199084668	627.48	651.66
547.84	579.799199084668	610.77	628.06
548.11	581.211493952272	610.38	622.46
548.38	580.707420725728	606.51	617.17
548.65	585.748849297156	594.28	599.41
548.92	586.436407322655	587.76	590.46
549.19	574.295576985944	592.68	598.49
549.46	559.532265446225	599.88	608.03
549.73	550.638731611638	597.62	605.65
550	542.619264465512	599.3	611.3
550.27	534.188322981367	595.86	612.04
550.54	530.209996730958	587.44	601.36
550.81	528.542193527297	581.71	594.83
551.08	523.20379535796	578.45	586.89
551.35	509.589928081072	575.14	582.98
551.62	491.043318077803	583.66	594.01
551.89	480.89230467473	588.73	599.66
552.16	483.644841451455	589.62	603.99
552.43	492.617986270023	591.31	608.46
552.7	506.181137626676	599.15	620.83
552.97	528.459990192874	598.17	619.02
553.24	551.652039882315	595.87	615.35
553.5	566.073167701863	604.16	627.28
553.77	569.831598561622	607.04	633
554.04	569.900500163452	624.9	658.59
554.31	580.202638117032	626.74	661.25
554.58	593.782242562929	629.89	663.64
554.85	603.367482837529	639.52	676.1
555.12	616.601075514874	639.18	672.28
555.39	629.288849297156	633.24	662.95
555.66	634.497084014384	635.59	663.43
555.93	638.860307289964	632.75	661.24
556.2	641.947960117686	625.39	650.55
556.47	632.374400130762	633.16	656.93
556.74	612.513746322328	636.55	663.83
557	592.392245831971	638.44	663.27
557.27	577.88109839817	632.72	653.31
557.54	569.689284079765	621.98	638.5
557.81	562.813275580255	616.25	628.1
558.08	558.355148741419	614.69	625
558.35	558.228528931023	600.32	603.83
558.62	553.380219025826	600.13	603.1
558.89	542.37811703171	604.43	609.53
559.16	531.891660673423	596.36	599.83
559.42	526.351101667212	589.69	590.12
559.69	528.073291925466	576.32	569.66
559.96	528.592840797647	573.37	565.84
560.23	520.849395227199	572.01	563.81
560.5	511.075129127166	578.6	574.67
560.77	506.441435109513	585.33	587.89
561.04	509.131896044459	594.77	599.12
561.31	520.463929388689	598.74	603.32
561.57	533.734331480877	599.5	602.25
561.84	544.692294867604	607.29	611.23
562.11	556.626593658058	595.36	597.24
562.38	564.87772474665	596.96	599.91
562.65	566.999780974175	600.25	609.59
562.92	569.188198757764	605.31	615.94
563.18	574.778963713632	602.73	614.21
563.45	580.800392285061	602.91	614.43
563.72	584.962232755803	604.67	616.45
563.99	588.926384439359	608.77	620.79
564.26	593.338542007192	605.97	617.12
564.53	592.295763321347	603.01	612.54
564.79	580.9968061458	613.63	625.9
565.06	565.714687806473	621.88	638.05
565.33	552.452105263158	625.4	641.92
565.6	538.329745014711	630.8	648.05
565.87	531.129712324289	638.22	658.27
566.14	538.020800915332	619.44	629.79
566.4	548.443216737496	616.86	621.73
566.67	559.749519450801	607.7	610.23
566.94	571.293765936581	605.07	605.39
567.21	578.16650539392	606.69	610.71
567.48	580.079153318078	607.87	610.94
567.74	578.194586466166	612.86	621.53
568.01	572.191271657405	612.72	617.46
568.28	566.126894409938	627.49	635.95
568.55	567.981673749592	621.36	629.36
568.82	573.894982020268	619.84	625.91
569.08	578.666855181432	611.77	615.94
569.35	581.509241582217	609.46	611.55
569.62	581.861036286369	608.66	612.97
569.89	577.695031055901	606.53	608.64
570.15	569.557374959137	610.76	614.07
570.42	562.553847662635	602.63	599.31
570.69	555.428244524355	601.79	597.06
570.96	548.894014383786	600.82	595.55
571.23	546.794658385093	599.74	595.93
571.49	547.30432167375	596.06	590.54
571.76	545.334995096437	594	588.69
572.03	539.308303367114	597.53	592.88
572.3	530.40017979732	604.45	602.86
572.56	524.540787839163	620.24	623.87
572.83	529.794527623407	621.79	621.05
573.1	540.912664269369	617.21	620.46
573.37	549.042206603465	617.89	620.7
573.63	559.634089571756	614.48	619.8
573.9	573.126694998366	597.91	596.47
574.17	578.725096436744	605.57	609
574.43	582.021186662308	615.19	621.3
574.7	589.68240928408	615.71	623.17
574.97	597.54298136646	618.84	629.05
575.24	599.080490356326	616.88	625.91
575.5	595.387133050017	637.73	656.46
575.77	593.005456031383	632.95	651.42
576.04	588.255701209546	650.73	675.13
576.3	585.352922523701	652.98	677.04
576.57	591.405998692383	652.91	681.13
576.84	601.028107224583	646.39	669.52
577.11	603.224834913371	642.32	664.6
577.37	596.560983981694	646.42	665.76
577.64	591.274318404708	642.94	663.3
577.91	594.446760379209	637.43	659.92
578.17	601.6331317424	621.96	641.04
578.44	605.837535142203	629.32	651.86
578.71	606.364004576659	623.41	640.34
578.97	599.255809087937	628.15	642.79
579.24	581.843308270677	632.87	647.05
579.51	566.408777378228	650.39	669.18
579.77	566.416564236679	637.54	651.7
580.04	571.471990846682	636.37	646.46
580.31	569.865982347173	638.56	644.2
580.57	563.212314481857	637.55	642.28
580.84	558.524671461262	640.67	647.89
581.11	561.495864661654	624.82	627.32
581.37	568.323357306309	621.99	622.1
581.64	574.904498202027	605.57	602.99
581.91	578.991376266754	604.77	603.36
582.17	580.966178489703	603.38	597.45
582.44	579.959486760379	606.69	602
582.71	574.845086629618	606.99	603.13
582.97	564.719087937235	605.18	603.35
583.24	551.24191238967	607.8	608.48
583.51	540.141811049363	617.14	611.74
583.77	538.204164759726	627.05	624
584.04	543.677106897679	618.86	612.65
584.31	543.025269695979	628.59	626.72
584.57	533.936358287022	636.13	638.95
584.84	535.883007518797	653.63	662.34
585.1	557.452052958483	639.89	643.94
585.37	577.309352729651	641.73	646.17
585.64	589.740261523374	652.82	666.4
585.9	605.070866296176	651.57	668.54
586.17	622.381833932658	653.32	667.58
586.43	639.295998692383	652.44	663.78
586.7	650.61911082053	658.43	670.7
586.97	650.584916639425	667.1	679.66
587.23	650.248476626349	684.36	703.39
587.5	657.306825760053	672.02	683.91
587.76	657.013157894737	678.34	694.86
588.03	643.605550833606	688.77	708.67
588.3	627.679391958157	709.16	733.16
588.56	620.371245505067	707.51	730.11
588.83	619.409996730958	697.75	717.47
589.09	618.796760379209	691.19	713.27
589.36	614.907724746649	683.56	702.72
589.63	602.869476953253	698.03	719.12
589.89	593.9721085322	700.04	723.69
590.16	601.627950310559	686.43	704.36
590.42	614.378653154626	659.3	669.26
590.69	612.030183066362	657.58	667.3
590.95	604.40627983001	664.96	675.02
591.22	606.268587773783	655.81	660.77
591.48	606.682667538412	655.89	655.91
591.75	601.248277214776	659.02	664.38
592.02	596.751853546911	655.71	656.26
592.28	593.211843739784	646.04	644.39
592.55	592.288744687807	638.39	638.79
592.81	588.343566525008	623.77	621.56
593.08	575.140294213796	629.47	629.79
593.34	561.848666230795	622.76	618.04
593.61	554.044756456359	618.14	613.71
593.87	548.557119973848	616	612.65
594.14	540.877221314155	623.85	624.38
594.4	533.65362863681	627.77	631.28
594.67	531.709967309579	631.5	636.79
594.93	538.913239620791	638.16	644.46
595.2	555.998731611638	623.46	625.95
595.46	572.899588100687	625.78	625.95
595.73	582.417211507029	621.13	620.91
596	584.104867603793	626.91	628.99
596.26	583.789405034325	636.57	642.7
596.53	590.304906832298	641.08	649.27
596.79	599.767911082053	636.77	645.02
597.06	608.389676364825	645.89	658
597.32	616.328731611638	638.18	648.62
597.58	618.750552468127	654.54	673.34
597.85	619.30486433475	665.73	689.25
598.11	619.863187316117	676.19	700.49
598.38	620.123004249755	690.15	713.79
598.64	623.888257600523	688.7	712.92
598.91	630.118715266427	687.48	713.81
599.17	633.77731938542	674.53	697.86
599.44	635.594821837202	679.02	701.69
599.7	639.409977116705	669.4	687.43
599.97	643.492265446225	679.53	696.85
600.23	644.957404380517	668.63	682.2
600.5	644.07722785224	684.46	705.26
600.76	648.053635174894	683.2	706.34
601.03	651.486168682576	682.47	706.97
601.29	642.945658711998	694.96	722.41
601.56	632.889300424976	700.43	729.61
601.82	635.956760379209	691.07	719.84
602.08	642.13581235698	676.93	701.26
602.35	640.151539718863	686.02	713.7
602.61	630.733677672442	676.41	704.07
602.88	619.758646616542	696.37	730.82
603.14	620.851863354038	682.63	717.48
603.41	630.467136319059	683.57	715.37
603.67	639.770117685518	674.11	704.05
603.93	648.80466819222	677.34	707.92
604.2	653.993354037267	676.85	703.82
604.46	651.894655116051	682.17	708.56
604.73	649.11017979732	682.79	704.25
604.99	645.990840143838	665.5	684.18
605.26	632.720712651193	670.93	692.1
605.52	617.964089571756	666.72	689.62
605.78	612.07712324289	658.37	678.06
606.05	608.551493952272	644.5	657.84
606.31	599.095975809088	651.98	666.04
606.58	587.585694671462	652.3	665.76
606.84	584.817848970252	648.48	661.87
607.1	588.326645962733	645.22	657.4
607.37	587.892494279176	653.17	667.07
607.63	584.618296829029	647.11	658.49
607.89	578.775142203335	642.39	650.66
608.16	574.65548218372	646.53	653.87
608.42	577.691824125532	630.04	627.47
608.69	578.825753514221	633.73	629.13
608.95	581.327590715921	635.81	633.06
609.21	585.773743053286	623.08	616.38
609.48	586.440101340307	628.76	628.51
609.74	589.945629290618	626.21	627.11
610	594.404344557045	626.98	631.39
610.27	592.290764955868	625.89	634.17
610.53	585.35305655443	634.61	643.84
610.79	580.886113108859	630.08	640.28
611.06	576.118198757764	630.81	640.89
611.32	570.306832298137	637.91	648.74
611.58	569.517371690095	624.61	632.91
611.85	571.093419418111	618.1	624.64
612.11	572.15677672442	613.37	616.52
612.37	571.461271657405	618.54	621.19
612.64	568.737574370709	615.05	617.39
612.9	566.071958156261	622.2	622.95
613.16	560.586211180124	622.9	621.76
613.43	554.236021575679	636.02	640.72
613.69	554.730725727362	630.66	635.51
613.95	562.69030075188	629.44	635.38
614.22	571.436593658059	615.26	613.87
614.48	570.05290617849	621.33	624.1
614.74	570.601500490357	635.09	641.66
615.01	583.76615887545	617.48	615.3
615.27	588.096266753841	620.73	621.73
615.53	578.212736188297	636.21	641.74
615.8	573.700438051651	656.28	670.85
616.06	581.971742399477	653.52	666.65
616.32	598.357593984963	663.17	676.2
616.58	616.018336057535	648.61	656.34
616.85	624.390127492645	665.01	679.79
617.11	625.51429225237	672.44	690.65
617.37	626.384001307617	679.89	702.13
617.64	627.275380843413	684.64	712.93
617.9	630.423831317424	686.83	718.16
618.16	640.341268388363	689.34	721.12
618.42	650.736485779667	678.3	706.25
618.69	658.11096436744	688.73	720.15
618.95	667.660205949657	669.12	693.61
619.21	669.677322654463	675.21	702.24
619.47	658.391539718863	679.55	710.48
619.74	643.487979731939	693.36	731.95
620	638.691487414188	689.83	724.7
620.26	636.571229159856	676.87	707.81
620.52	622.426698267408	685.92	719.16
620.79	608.34397515528	681.76	711.41
621.05	607.274573389997	663.95	685.69
621.31	607.871425302387	646.18	658.51
621.57	597.172353710363	657.43	676.8
621.84	585.259202353711	668.38	692.61
622.1	583.257989539065	674.43	698.48
622.36	587.188649885584	660.89	678.23
622.62	590.14742399477	663.36	680.15
622.88	592.32670153645	666.59	679.02
623.15	601.502075841779	673.47	685.11
623.41	620.124328211834	659.24	664
623.67	633.358143184047	649.23	651.12
623.93	633.16387054593	654.29	659.69
624.19	622.514707420726	651.9	653.19
624.46	607.233121935273	678.46	691.43
624.72	603.842582543315	680.09	692.71
624.98	616.48615887545	683.05	691.81
625.24	634.69749918274	668.22	670.99
625.5	644.291588754495	667.29	669.19
625.77	642.721255312194	677.94	679.64
626.03	640.426286368094	669.85	671.71
626.29	632.024684537431	662.66	662.81
626.55	612.362517162472	671.16	676.09
626.81	596.505831971233	675.65	680.5
627.08	597.071788166068	661.57	659.22
627.34	602.994030728997	643.68	637.64
627.6	599.748133376921	648.63	646.4
627.86	593.289065053939	647.1	645.61
628.12	586.944393592677	641.05	635.69
628.38	583.368685845048	644.69	643.7
628.65	583.888571428572	631.45	625.96
628.91	575.752360248447	643.51	646.52
629.17	561.589218698921	646.9	646.9
629.43	550.858064727035	646.37	646.19
629.69	547.441091860085	638.97	640.89
629.95	556.664759725401	628.85	624.07
630.21	567.600859758091	620.13	608.92
630.48	569.724416475973	631.46	625.66
630.74	572.466508662962	633.33	627.71
631	580.270699575025	630.4	623.95
631.26	584.576982674077	623.71	618.2
631.52	578.518182412553	633.83	629.55
631.78	569.417463223276	642.85	640.21
632.04	567.087933965348	640.22	632.74
632.3	568.998904870873	643.21	641.04
632.56	570.400183066362	638.94	634.6
632.83	571.184511278196	646.77	642.55
633.09	572.399342922524	640.68	634.49
633.35	570.469016018307	646.5	642.66
633.61	568.147969924812	647.23	648.68
633.87	573.091052631579	651.42	645.96
634.13	579.550823798627	651.23	639.88
634.39	582.842526969598	664.41	655.98
634.65	588.233220006538	665.73	659.06
634.91	593.87849297156	666.62	661.08
635.17	599.375648904871	672.37	667.62
635.44	609.527110166721	673.99	670.18
635.7	625.286842105263	666.71	661.82
635.96	640.191457992808	651.56	643.28
636.22	644.11975809088	660.63	653.74
636.48	640.759457339	669.37	667.68
636.74	638.054825106244	669.96	662.92
637	637.872896371363	669.57	661.83
637.26	640.012079110821	664.53	655.57
637.52	638.105008172606	654.95	643.54
637.78	630.611886237333	663.52	654.09
638.04	624.533752860412	660.63	649.8
638.3	616.894053612292	659.12	645.9
638.56	604.386632886564	662.78	653.42
638.82	594.080686498856	664.81	655.61
639.08	587.740761686826	656.2	640.87
639.34	577.373455377575	656.69	649.41
639.6	569.747819548873	668.56	669.25
639.86	574.771735861393	647.46	640.86
640.12	578.673638443936	650.17	644.34
640.38	579.880934946061	653.3	647.54
640.64	582.281677018634	642.21	629.14
640.9	580.201212814646	651.77	641.66
641.16	579.651408957176	657.56	651.37
641.42	584.595694671462	655.67	650.88
641.69	592.145717554757	645.16	636.24
641.95	596.792324288984	636.55	626.15
642.21	595.839581562602	639.33	632.59
642.47	592.604684537431	637.12	634.6
642.73	586.560912062766	641.8	637.32
642.99	581.64355344884	642.49	637.65
643.24	579.253631905852	634.5	625.09
643.5	573.51746976136	641.3	635.63
643.76	567.468819875777	638.27	633.23
644.02	562.483543641713	637.84	628.96
644.28	556.809169663289	635.97	627.76
644.54	555.036760379209	636.26	627.88
644.8	559.100565544296	621.05	611.78
645.06	559.467489375613	619.33	610.14
645.32	554.232124877411	638.37	637.13
645.58	555.212069303694	641.97	642.3
645.84	561.931928734881	644.8	647.37
646.1	573.201981039556	645.9	651.63
646.36	592.296525008173	639.18	647.79
646.62	609.977721477607	640.42	647.31
646.88	620.040781301079	647.66	653.3
647.14	623.942844066689	648.62	656.59
647.4	622.582690421707	659.82	672.43
647.66	622.934259561949	668.86	685.36
647.92	629.511663942465	674.51	689.62
648.18	637.831147433802	674.13	695.5
648.44	643.738224910102	674.41	696.67
648.7	645.470591696633	673.44	697.71
648.96	643.822422360249	677.05	702.02
649.21	641.234230140569	677.42	703.49
649.47	637.084557044786	677.57	704.3
649.73	628.107450147107	688.71	717.3
649.99	615.555916966329	701.9	735.8
650.25	606.799836547892	708.73	743.27
650.51	605.280477280157	704.41	738.04
650.77	609.939875776398	705.28	736.82
651.03	621.046404053613	702.1	730.82
651.29	634.956162144492	699.03	727.29
651.55	646.322657731285	694.69	721.96
651.8	651.087159202354	694.98	714.35
652.06	648.041647597254	704.73	723.3
652.32	641.981977770513	704.75	730.01
652.58	637.994723765937	711.35	738.87
652.84	642.830447858778	708.33	732.62
653.1	657.596920562275	693.7	713.71
653.36	666.14414187643	685.34	702.18
653.62	656.130398823145	691.49	706.18
653.88	639.684243216738	712.22	730.44
654.13	632.732664269369	717.05	733.53
654.39	629.749911735862	717.31	732.15
654.65	621.671513566525	723.21	743.66
654.91	616.776034651847	726.58	743.54
655.17	619.756940176529	717.51	730.95
655.43	623.134550506702	714.7	721.74
655.69	626.939398496241	713.6	721.93
655.94	635.669205622753	707.11	710.22
656.2	647.694501471069	695.64	697.52
656.46	653.201663942465	687.64	687.84
656.72	648.278519123897	698.48	705.79
656.98	643.727142857143	701.22	708.43
657.24	643.425096436745	696.62	702.65
657.49	641.945966001962	692.03	697.59
657.75	638.543004249755	696.52	697.95
658.01	637.637165740438	692.6	692.6
658.27	634.2928604119	685.62	680.93
658.53	617.628202026806	695.47	694.04
658.78	597.147142857143	710.02	708.52
659.04	589.332406015038	702.45	709.16
659.3	592.322507355345	695.72	697.62
659.56	596.081644328212	689.08	694.27
659.82	598.903602484472	689.76	690.72
660.07	602.610849950965	684.98	680.79
660.33	604.390052304675	684.63	684.64
660.59	605.785223929389	687.54	690.77
660.85	610.441592023537	685.38	688.58
661.11	611.53273945734	691.88	695.47
661.36	610.416822491011	709.88	720.28
661.62	616.240846681923	715.99	726.05
661.88	627.27072245832	724.67	738.33
662.14	638.844236678653	727.82	738.3
662.39	647.105308924485	736.72	751.16
662.65	656.089320039229	740.13	760.04
662.91	666.9178914678	733.34	753.65
663.17	674.782500817261	739.8	759.89
663.43	678.598486433475	742.11	760.99
663.68	679.757361882969	759.21	782.34
663.94	681.663733246159	750.89	773.95
664.2	683.896734226872	767.83	794.66
664.46	692.117705132397	767.34	790.29
664.71	705.126100032691	757.65	777.59
664.97	709.917888198758	753.91	772.3
665.23	704.496080418437	757.05	776.89
665.48	694.420529584832	762.82	783.73
665.74	686.787231121282	765.78	785.41
666	679.286302713305	756.96	773.09
666.26	666.853716900948	760.96	777.96
666.51	651.593148087611	753.2	766.51
666.77	638.908349133704	767.12	785.01
667.03	637.133540372671	768.76	789.51
667.29	642.742902909448	759.94	774.48
667.54	653.316521739131	757.85	769.83
667.8	665.925207584178	735.3	738.19
668.06	664.385534488395	739.52	743.04
668.31	647.610568813338	741.51	748.62
668.57	634.427682249101	757.7	775.52
668.83	634.595429879046	748.8	765.74
669.08	637.745017979732	751.36	768.1
669.34	637.801072245832	754.27	773.97
669.6	645.077371690095	762.66	786.94
669.85	661.563510951292	761.52	784.29
670.11	674.704847989539	772.61	799.73
670.37	684.376250408631	783.32	815.28
670.62	696.142236024845	785.87	818.79
670.88	709.878607388035	783.24	816.4
671.14	721.168728342596	779.5	808.98
671.39	722.404079764629	785.88	817.71
671.65	717.053883622099	790.69	827.46
671.91	721.453429225237	796.32	835.49
672.16	740.288901601831	766.82	797.05
672.42	755.139215429879	768.26	797.91
672.68	756.239457339	762.79	790.74
672.93	744.836453089245	771.48	807.4
673.19	724.750166721151	779.38	816.8
673.45	701.642458319713	779.94	816.61
673.7	682.698375286042	785.25	820.42
673.96	673.687577639752	779.05	806.18
674.22	665.7731317424	775.7	801.49
674.47	650.192654462243	770.48	793.92
674.73	639.511104936254	767.99	788.2
674.98	643.599401765283	744.12	757.93
675.24	649.641386073881	747.89	765.33
675.5	651.74638443936	738.76	754.25
675.75	653.157034978751	743.58	757.2
676.01	658.627973193855	744.33	753.41
676.26	665.825956194835	733.46	738
676.52	664.19746976136	731.28	738.02
676.78	658.608427590716	732.08	738.08
677.03	656.235612945407	729.06	729.87
677.29	656.718358940831	732.68	735.81
677.54	658.130264792416	731.23	731.86
677.8	654.585178162799	737.73	741.63
678.06	649.064037267081	743.7	749.35
678.31	644.166940176529	737.5	738.38
678.57	636.397365152011	750.12	758.33
678.82	634.142180451128	746.5	751.29
679.08	642.924962406015	733.59	735.06
679.33	649.939408303367	714.81	709.68
679.59	637.34377901275	718.56	713.34
679.85	620.249365805819	732.24	731.22
680.1	620.228747956849	725.26	720.43
680.36	623.116443282119	721.88	711.08
680.61	617.814733573063	721.55	706.63
680.87	608.207685518143	724.44	708.71
681.12	601.092909447532	727.19	715.87
681.38	598.481418764302	728.1	724.28
681.63	595.503733246159	741.42	742.91
681.89	596.075534488395	749.55	754.56
682.14	605.80804184374	743.71	749.19
682.4	617.958950637464	736.59	740.28
682.66	623.076645962733	739.31	745.13
682.91	628.15838836221	757.67	770.15
683.17	643.752703497876	758.3	765.89
683.42	662.337809741746	763.04	771.11
683.68	682.42908139915	771.53	780.88
683.93	703.876462896372	761.26	765.18
684.19	717.73134030729	778.65	786.42
684.44	724.548617195162	780.95	789.47
684.7	726.004210526316	795.36	809.84
684.95	729.637185354691	794.76	809.35
685.21	733.48233409611	781.97	792.95
685.46	724.663389996731	794.95	814.08
685.72	710.373020594966	801.02	825.56
685.97	699.735959463877	803.89	830.95
686.23	696.79876430206	801.54	824.12
686.48	696.507391304348	781.82	795.62
686.74	688.843707093822	788.77	803.8
686.99	675.143066361556	784.65	796.92
687.24	659.401229159856	802.05	823.52
687.5	647.023978424322	811.81	835.74
687.75	641.805701209546	817.32	845.88
688.01	651.786868257601	816.3	839.92
688.26	668.313249427918	792.29	805.7
688.52	673.945910428245	799.65	821.8
688.77	677.168806799608	790.36	811.1
689.03	685.151634521086	797.24	817.04
689.28	697.678414514547	789.38	805.39
689.54	709.981088591043	778.8	791.06
689.79	714.015583524028	776.58	788.6
690.04	710.025717554757	775.72	788.8
690.3	697.834632232756	776.84	792.39
690.55	684.0510232102	787.07	807.07
690.81	680.392968290291	787.49	802
691.06	684.902886564237	787.03	800.05
691.32	686.558012422361	779.84	790.59
691.57	674.839323308271	782.13	795.31
691.82	655.055331807781	794.22	808.06
692.08	640.933984962406	791.16	802.21
692.33	637.521650866297	787.92	796.62
692.59	642.920738803531	769.71	766.49
692.84	645.82002942138	771.28	766.9
693.09	641.653242889834	768.19	764.97
693.35	635.104452435437	781.54	785.91
693.6	637.495008172606	787.87	796.24
693.86	649.409918273946	776.53	777.48
694.11	660.998761033018	782.42	784.04
694.36	671.152056227526	769.27	768.08
694.62	674.828682576005	776.19	776.09
694.87	672.293412880026	774.02	774.84
695.12	666.03176201373	772.63	770.84
695.38	648.377754168029	777.5	776.44
695.63	632.258466819222	806.33	814.13
695.89	641.736884602812	799	803.78
696.14	662.101333769206	783.45	791.52
696.39	672.588630271331	792.04	801.01
696.65	674.281140895718	792.23	799.96
696.9	667.650800915332	800.91	815.19
697.15	661.430807453417	809.51	829.99
697.41	660.66501471069	815.14	835.96
697.66	659.900117685518	825.68	849.05
697.91	662.815678326251	830.74	855.6
698.17	669.868175874469	823.16	844.68
698.42	683.097623406342	827.53	845.43
698.67	703.457953579601	800.28	804.41
698.93	712.775952925793	802.55	806.5
699.18	708.315998692384	807.35	809.65
699.43	699.831990846682	808.64	813.78
699.69	689.730127492645	824.57	835.67
699.94	683.90638443936	829.47	847.3
700.19	678.924279176202	828.32	842.19
700.45	666.036224256293	831.04	846.57
700.7	658.289277541681	835.77	852.89
700.95	664.150869565218	817.61	827.2
701.2	665.213850931677	832.2	841.04
701.46	661.012997711671	848.25	859.08
701.71	657.018247793397	845.81	857.9
701.96	649.789767898006	870.12	889.4
702.22	657.485995423341	881.17	899.6
702.47	684.990608041844	866.91	880.1
702.72	712.917561294541	866.31	882.8
702.97	737.535433148088	868.14	884.2
703.23	761.127038247794	872.06	889.6
703.48	782.054419745015	875.06	894.6
703.73	796.543828048382	873.32	897.6
703.98	800.706433474992	889.12	918.8
704.24	800.399241582217	888.79	917.5
704.49	800.830738803531	894.34	926.3
704.74	795.420542661001	887.52	917.1
704.99	785.330941484145	907.56	943.4
705.25	776.842206603465	908.61	943.4
705.5	763.610369401766	922.5	969.4
705.75	750.601876430207	930.73	980.6
706	742.462667538412	923.1	966.4
706.26	736.345645635829	928.35	977.7
706.51	735.510689767899	920.39	967.4
706.76	735.037512258908	922.71	967.5
707.01	736.868453743054	924.52	965.8
707.27	750.484586466166	914.93	954.5
707.52	768.581814318405	900.96	936.8
707.77	780.120611310886	903.67	939.1
708.02	787.062200065381	896.22	927.9
708.27	793.252079110821	891.13	923.1
708.53	791.77168682576	886.06	913.1
708.78	778.747865315463	910.05	942.4
709.03	765.853527296502	915.51	947.2
709.28	755.039480222295	925.8	961.1
709.53	741.975809087937	937.22	979.1
709.79	729.966636155607	943.15	983.7
710.04	727.835155279504	946.08	983.6
710.29	733.868489702517	924.29	954.1
710.54	734.433932657732	941.18	975.5
710.79	739.420353056555	943.67	973.3
711.05	747.272307943773	936.16	962.5
711.3	747.576031382805	953	989.3
711.55	753.123416149069	957.02	992.1
711.8	767.159421379536	964	1001.4
712.05	788.003030402093	961.93	1000.2
712.3	812.688741418764	954.74	990.6
712.55	830.053772474665	954.33	988.6
712.81	837.104746649232	956.64	992.7
713.06	830.092477933966	957.32	993.4
713.31	812.391833932658	982.78	1025.8
713.56	799.135851585486	986.15	1029.9
713.81	791.106420398824	989.47	1035
714.06	789.232422360249	985.47	1030.5
714.31	792.686606734227	976.35	1012.3
714.57	794.918038574698	977.96	1014.3
714.82	794.827675711017	970.91	1001.1
715.07	790.754449166394	978.72	1016.8
715.32	781.235348152992	978.48	1011.8
715.57	774.779440993789	998.18	1035.2
715.82	783.953376920563	980.1	1008.5
716.07	790.237767244198	974.13	999.6
716.32	781.522003922851	986.41	1015.5
716.57	780.856188296829	983.65	1006.9
716.83	793.331513566525	974.34	992.4
717.08	804.253991500491	969.87	982.7
717.33	806.352932330828	974.27	988.6
717.58	799.395733899968	982.66	1003.6
717.83	790.168473357307	989.19	1013.2
718.08	779.440902255639	991.39	1010.7
718.33	772.519915004904	1005.1	1029.4
718.58	777.000523046748	983.5	996.9
718.83	777.970604772802	990.26	1010.1
719.08	771.253916312521	990.38	1011.3
719.33	763.274047074208	1002.8	1025.7
719.58	756.787819548873	1022.8	1051
719.83	759.203288656424	1026.2	1057.1
720.09	769.942350441321	1028.8	1058.5
720.34	783.960313828049	1034.3	1062.8
720.59	803.814449166395	1032.1	1064
720.84	821.639218698921	1013.5	1041.8
721.09	824.765897352076	1028.7	1063.2
721.34	822.367678980059	1033	1069.8
721.59	826.174128800262	1038	1073.4
721.84	835.892667538412	1032.4	1067.5
722.09	841.54099378882	1031.1	1069.1
722.34	839.077567832625	1033.7	1075.7
722.59	833.180608041844	1038.4	1079.5
722.84	825.230908793724	1045.1	1081.1
723.09	816.777293233083	1049	1086.6
723.34	809.964037267081	1056.3	1094
723.59	805.294710689768	1055.7	1090.3
723.84	795.539297155934	1061.8	1095.9
724.09	778.605429879046	1074.3	1107.8
724.34	771.017665903891	1082.6	1118
724.59	778.949408303367	1068.7	1100.9
724.84	792.172562929062	1074	1110
725.09	807.595567178817	1072.2	1109.1
725.34	825.286691729324	1076.2	1108.1
725.59	838.562739457339	1078	1110.1
725.84	842.335815626022	1095	1129.4
726.09	850.270035959464	1111	1146.8
726.34	862.235086629618	1111	1143.9
726.59	868.752647924159	1139.6	1180.1
726.84	882.952647924159	1137.4	1178.4
727.09	898.053808434129	1141.1	1179.1
727.34	899.34176201373	1160.1	1199.4
727.59	898.293746322328	1178.5	1220.6
727.84	905.926044458974	1182.2	1226.3
728.09	914.107714939523	1183.1	1223.3
728.34	913.239323308271	1198.5	1241.5
728.58	911.48915658712	1216	1263.9
728.83	911.627721477608	1221.2	1270.5
729.08	910.340539391958	1237.9	1290.6
729.33	917.991673749592	1239.9	1290.9
729.58	929.530389016019	1238.4	1284.8
729.83	934.607437070939	1251.4	1294.9
730.08	938.32225890814	1250.3	1286.9
730.33	940.168826413861	1268.8	1303.2
730.58	942.902170644002	1280.4	1316.3
730.83	950.247610330174	1275.2	1313.2
731.08	953.64588754495	1272.6	1307.5
731.33	947.493337692057	1281.8	1318.3
731.58	944.499712324289	1287	1325.8
731.82	949.312056227526	1280.1	1312.9
732.07	949.987685518144	1298.1	1334.1
732.32	948.045034324943	1308.2	1342.6
732.57	952.827254004577	1312.5	1349.3
732.82	961.728476626349	1310.1	1342.4
733.07	960.198702190259	1319.7	1353.6
733.32	953.908819875777	1336.4	1375.7
733.57	953.996727688788	1326.8	1357.3
733.82	954.306910755149	1348.2	1384.5
734.06	959.410209218699	1356.7	1395
734.31	972.126845374306	1359.3	1401.9
734.56	984.39385420072	1364.1	1407.6
734.81	992.587737822818	1379.8	1425.7
735.06	1000.11303694018	1382.8	1430.1
735.31	1011.07989539065	1388.5	1433.8
735.56	1019.10832298137	1386	1429.8
735.8	1018.1512095456	1405.8	1454.8
736.05	1014.57094148415	1430	1478.1
736.3	1015.10713305002	1446.1	1501.1
736.55	1022.11865642367	1466.6	1525
736.8	1031.71579274273	1479.4	1535.9
737.05	1045.73498202027	1502	1568.1
737.29	1067.32690748611	1497.3	1560.8
737.54	1087.73275907159	1513.8	1587
737.79	1100.77899640405	1511.4	1583
738.04	1103.88448512586	1531.2	1612.9
738.29	1103.33920235371	1544.1	1623.5
738.54	1107.48295194508	1564.7	1646.9
738.78	1119.98169336385	1571.1	1655.1
739.03	1137.83649885584	1564.9	1641.1
739.28	1148.98048381824	1576	1655.8
739.53	1153.77230794377	1594.9	1669.2
739.78	1159.08457012096	1604.8	1678.9
740.02	1163.02600849951	1618.4	1691.9
740.27	1162.60985943119	1632.4	1713.3
740.52	1156.26492317751	1646	1733
740.77	1154.49362536777	1666.1	1758.9
741.01	1162.67669172932	1660.8	1750.8
741.26	1166.94001307617	1681.7	1776.7
741.51	1165.61147433802	1688	1779.2
741.76	1168.36165413534	1710.7	1808
742.01	1180.81657404381	1714.4	1811.7
742.25	1198.92994442628	1732.8	1823.4
742.5	1215.29663288656	1748.7	1840.2
742.75	1228.42088917947	1763.6	1850.3
743	1237.1463877084	1777.8	1860.4
743.24	1242.73363844394	1793.3	1873.8
743.49	1253.76155606407	1811	1901.3
743.74	1268.97299771167	1821.5	1907.3
743.99	1280.41971232429	1841.1	1934
744.23	1291.36887871854	1849.7	1945.3
744.48	1299.85704478588	1862.8	1960.7
744.73	1303.27286694998	1874.9	1981.7
744.97	1300.80578620464	1894.3	2008.9
745.22	1294.46211180124	1928.6	2049.6
745.47	1297.70644001308	1954.2	2077.7
745.72	1308.68754494933	1968.8	2087.3
745.96	1316.88447204969	2008.7	2126.2
746.21	1323.39293886891	2034.8	2148
746.46	1332.70183066362	2076	2193.1
746.7	1353.10238640079	2102.6	2220.8
746.95	1381.35171624714	2125.8	2241.3
747.2	1410.53671134358	2166.5	2284.4
747.45	1443.85125858124	2195.8	2315.1
747.69	1478.48868911409	2240.8	2367.7
747.94	1508.91108205296	2289.2	2415.9
748.19	1535.3225890814	2343.3	2480.6
748.43	1568.53363844394	2394	2532.8
748.68	1607.49074861066	2440.8	2580.3
748.93	1642.24295521412	2509.8	2662.8
749.17	1677.12412553122	2578.4	2742.8
749.42	1710.5382477934	2659.1	2832.9
749.67	1740.54148414515	2738.3	2927.5
749.91	1769.3658058189	2829	3017.3
750.16	1802.92396207911	2941.9	3135.6
750.41	1852.11523373652	3036.6	3237.4
750.65	1907.79496567506	3160.1	3376.4
750.9	1965.98362209873	3305.6	3542.1
751.14	2037.32049689441	3444.9	3706.9
751.39	2120.95635828702	3606.4	3893.9
751.64	2208.47247466492	3779.6	4082.5
751.88	2296.11320693037	3995.2	4325.5
752.13	2393.59133703825	4245	4588.3
752.38	2506.47031709709	4545.7	4913.1
752.62	2673.01320455596	4428	4745
752.87	2858.73771107942	4470	4835
753.11	3063.64383666962	4774.5	5255
753.36	3287.73158132657	5181.5	5627
753.61	3531.00094505027	5480	6065.5
753.85	3793.45192784071	5754	6269.5
754.1	4075.08452970162	6297	6842
754.35	4375.89875062928	7038.8	7710.5
754.59	4695.89459063113	7843.3	8314
754.84	5035.07204969227	8999.5	9597.8
