Work Function data
-447.3,-454.6,-438.3,-472.4,-444.6,-465.7,-473.8,-471.4,-448.3,-450.1,-486.2,-470.8,
-448.1,-436.1,-436.5,-431.1,-454.1,-462.8,-456.8,-461.1,-450.5,-459.1,-469.9,-452.5,
-471.4,-466.5,-455.7,-445.8,-450.3,-467.7,-466.8,-451.0,-449.2,-464.2,-483.3,-451.9,
-486.4,-459.4,-450.8,-451.7,-456.7,-438.7,-473.5,-430.5,-448.9,-452.0,-459.4,-454.4,
-482.8,-483.5,-481.8,-472.2,-467.5,-447.2,-475.0,-480.2,-444.7,-447.0,-457.2,-459.2,
-491.8,-496.6,-505.8,-483.9,-475.4,-445.8,-466.6,-449.1,-453.1,-455.8,-448.1,-453.6,
-470.4,-489.8,-485.5,-496.8,-486.5,-472.2,-468.4,-454.1,-446.7,-427.8,-463.4,-483.6,
-482.6,-485.1,-473.9,-466.1,-474.2,-473.6,-464.9,-481.1,-451.9,-442.6,-462.1,-489.2,
-475.5,-479.0,-461.1,-472.2,-448.6,-457.2,-468.5,-468.9,-470.6,-454.2,-466.8,-469.3,
-461.7,-475.7,-487.3,-448.1,-436.9,-449.7,-469.5,-455.8,-467.8,-457.2,-462.8,-473.8,
-470.8,-474.2,-459.1,-462.0,-433.2,-483.4,-476.6,-470.6,-444.5,-459.0,-449.7,-458.2,
-467.7,-456.9,-448.0,-452.0,-442.8,-476.3,-456.7,-432.4,-460.3,-463.9,-470.2,-479.1,
Tracking data
0.0,0.0,1.6,3.2,6.4,7.9,9.5,12.7,14.3,17.5,20.6,20.6,
6.3,9.5,11.1,14.3,17.5,19.1,20.6,22.2,23.8,23.8,23.8,23.8,
6.3,6.3,7.9,9.5,12.7,14.3,15.9,19.1,20.6,23.8,25.4,27.0,
12.7,15.9,17.5,19.1,22.2,23.8,27.0,28.6,30.2,30.2,30.2,30.2,
12.7,12.7,12.7,15.9,17.5,20.6,22.2,25.4,27.0,30.2,30.2,31.7,
20.6,22.2,25.4,27.0,28.6,31.7,33.3,34.9,36.5,36.5,36.5,36.5,
20.6,20.6,20.6,22.2,23.8,27.0,28.6,31.7,33.3,34.9,38.1,39.7,
25.4,27.0,31.7,33.3,34.9,36.5,39.7,41.3,42.9,42.9,42.9,42.9,
25.4,25.4,27.0,30.2,31.7,34.9,36.5,38.1,39.7,42.9,44.4,46.0,
31.7,33.3,36.5,38.1,41.3,42.9,46.0,47.6,47.6,47.6,47.6,47.6,
31.7,31.7,33.3,34.9,36.5,39.7,41.3,44.4,46.0,47.6,50.8,52.4,
38.1,39.7,42.9,44.4,46.0,49.2,50.8,52.4,54.0,54.0,54.0,54.0,
Grad data
300.1,293.7,292.0,291.7,294.0,290.3,289.8,290.1,290.3,290.8,293.3,290.4,
308.3,310.5,306.0,309.3,310.5,308.5,308.8,304.4,307.0,300.7,295.6,294.3,
300.2,295.4,291.9,291.9,293.6,290.7,290.5,291.6,293.8,290.6,292.0,293.0,
306.2,310.1,306.6,306.0,309.6,307.4,309.6,308.5,307.2,300.7,297.5,292.2,
301.8,296.0,289.9,292.7,291.8,290.1,289.9,292.3,292.7,293.0,289.7,290.6,
309.3,309.2,309.7,307.4,306.9,310.0,308.5,306.0,307.0,301.0,296.1,291.7,
304.9,298.3,292.6,291.6,289.9,292.3,291.5,293.2,292.1,290.3,290.9,292.4,
308.6,306.5,310.4,310.1,308.3,306.1,309.9,307.0,308.5,301.7,298.0,292.1,
298.2,293.6,291.2,293.8,291.1,293.8,292.9,290.1,290.4,291.3,290.2,290.9,
308.9,307.4,308.8,308.2,308.9,306.9,308.5,309.9,304.9,299.2,293.9,289.6,
299.1,294.5,293.2,290.9,289.7,289.6,289.6,292.0,292.2,289.6,291.2,291.8,
308.9,308.4,310.3,310.3,308.3,308.9,309.3,308.8,306.6,300.6,295.1,291.4,
Time data
0.0,2.2,5.0,7.5,10.3,12.8,15.3,18.2,20.8,23.9,26.9,29.2,
60.3,57.3,54.8,51.9,49.0,46.5,44.0,41.3,38.6,36.5,34.3,32.2,
62.4,64.6,67.1,69.7,72.6,75.1,77.6,80.6,83.3,86.3,88.8,91.3,
122.3,119.3,116.7,114.0,111.0,108.4,105.6,103.0,100.6,98.5,96.3,94.2,
124.4,126.6,128.7,131.7,134.4,137.4,140.1,143.2,145.8,148.6,150.8,153.3,
184.2,181.8,178.9,176.4,173.7,170.7,167.9,165.5,163.0,160.8,158.7,156.5,
186.4,188.5,190.7,193.2,195.7,198.5,201.1,204.1,206.8,209.4,212.4,215.2,
246.7,243.5,240.3,237.8,235.3,232.8,229.9,227.4,224.7,222.6,220.4,218.3,
248.8,251.2,253.7,256.6,259.1,262.0,264.5,267.1,269.8,272.8,275.5,278.2,
308.6,305.9,302.9,300.4,297.5,294.9,292.0,289.5,287.3,284.9,282.8,280.7,
310.7,312.8,315.3,317.8,320.5,323.5,326.3,329.4,331.9,334.4,337.3,339.8,
370.2,367.7,364.9,362.4,359.5,356.5,353.8,351.2,348.7,346.6,344.4,342.3,
22/02/2023 18:20:40
Probe Amplitude      = 50
Probe Frequency (Hz) = 68.9
Probe Trigger        = 146
Probe Vb             = 7000
Probe DC             = 0
DAS Points           = 100
DAS Rate (Hz)        = 13500
DAS Signal Average   = 3
DAS Gain             = 1
Meas Points          = 1250
Meas Voltage Steps   = 1
Meas WF Average      = 1
Meas Vb+             = 7000
Meas Vb-             = -7000
Meas Delay           = 0
Gradient Required    = 300
Gradient Bounts      = 10
Gradient Large Step  = 5
Gradient Small Step  = 1
Gradient Track Invert= -1
XPoints              = 12
YPoints              = 12
XSteps               = 1400
YSteps               = 1400
